nombre=hexmaze_02
descripcion=Encuentre la salida
num_segmentos=109
modo_giro_mapa=3
punto_giro=(0.0,0.0)
angulo_max=0.0
pos_inicial_moneda=(748.0,399.0)
gravedad=1000.0
imagen_moneda=images/moneda4.png
imagen_fondo=images/PsychedelicBackground_001.jpg
segmento[0]=((12.0,225.0),(12.0,572.0),0,0)
segmento[1]=((12.0,572.0),(400.0,800.0),0,0)
segmento[2]=((400.0,800.0),(787.0,574.0),0,0)
segmento[3]=((787.0,574.0),(787.0,223.0),0,0)
segmento[4]=((787.0,223.0),(530.0,74.0),0,0)
segmento[5]=((487.0,49.0),(400.0,0.0),0,0)
segmento[6]=((400.0,0.0),(12.0,225.0),0,0)
segmento[7]=((487.0,49.0),(356.0,124.0),0,0)
segmento[8]=((400.0,50.0),(355.0,75.0),0,0)
segmento[9]=((530.0,74.0),(400.0,149.0),0,0)
segmento[10]=((400.0,149.0),(400.0,297.0),0,0)
segmento[11]=((445.0,274.0),(269.0,374.0),0,0)
segmento[12]=((445.0,274.0),(402.0,248.0),0,0)
segmento[13]=((312.0,51.0),(312.0,101.0),0,0)
segmento[14]=((312.0,101.0),(224.0,152.0),0,0)
segmento[15]=((224.0,152.0),(224.0,499.0),0,0)
segmento[16]=((312.0,150.0),(312.0,298.0),0,0)
segmento[17]=((355.0,226.0),(355.0,276.0),0,0)
segmento[18]=((355.0,276.0),(183.0,375.0),0,0)
segmento[19]=((268.0,324.0),(225.0,299.0),0,0)
segmento[20]=((268.0,276.0),(268.0,176.0),0,0)
segmento[21]=((268.0,176.0),(312.0,150.0),0,0)
segmento[22]=((96.0,325.0),(223.0,398.0),0,0)
segmento[23]=((96.0,226.0),(53.0,251.0),0,0)
segmento[24]=((96.0,325.0),(96.0,275.0),0,0)
segmento[25]=((96.0,275.0),(53.0,251.0),0,0)
segmento[26]=((138.0,201.0),(138.0,348.0),0,0)
segmento[27]=((96.0,325.0),(137.0,302.0),0,0)
segmento[28]=((183.0,175.0),(183.0,324.0),0,0)
segmento[29]=((138.0,201.0),(183.0,175.0),0,0)
segmento[30]=((355.0,75.0),(355.0,175.0),0,0)
segmento[31]=((445.0,27.0),(445.0,71.0),0,0)
segmento[32]=((445.0,174.0),(531.0,125.0),0,0)
segmento[33]=((445.0,225.0),(531.0,175.0),0,0)
segmento[34]=((488.0,250.0),(575.0,199.0),0,0)
segmento[35]=((576.0,151.0),(576.0,449.0),0,0)
segmento[36]=((575.0,251.0),(531.0,225.0),0,0)
segmento[37]=((531.0,125.0),(576.0,151.0),0,0)
segmento[38]=((488.0,250.0),(488.0,200.0),0,0)
segmento[39]=((662.0,299.0),(662.0,399.0),0,0)
segmento[40]=((617.0,424.0),(617.0,175.0),0,0)
segmento[41]=((617.0,175.0),(660.0,200.0),0,0)
segmento[42]=((660.0,200.0),(618.0,225.0),0,0)
segmento[43]=((662.0,299.0),(705.0,274.0),0,0)
segmento[44]=((663.0,349.0),(747.0,300.0),0,0)
segmento[45]=((747.0,300.0),(747.0,251.0),0,0)
segmento[46]=((747.0,251.0),(703.0,225.0),0,0)
segmento[47]=((703.0,225.0),(661.0,250.0),0,0)
segmento[48]=((703.0,375.0),(786.0,328.0),0,0)
segmento[49]=((748.0,350.0),(786.0,372.0),0,0)
segmento[50]=((662.0,499.0),(662.0,449.0),0,0)
segmento[51]=((662.0,449.0),(704.0,425.0),0,0)
segmento[52]=((704.0,425.0),(786.0,472.0),0,0)
segmento[53]=((785.0,427.0),(749.0,449.0),0,0)
segmento[54]=((400.0,601.0),(617.0,475.0),0,0)
segmento[55]=((617.0,475.0),(617.0,574.0),0,0)
segmento[56]=((704.0,525.0),(445.0,674.0),0,0)
segmento[57]=((445.0,674.0),(445.0,624.0),0,0)
segmento[58]=((445.0,624.0),(532.0,575.0),0,0)
segmento[59]=((576.0,549.0),(576.0,597.0),0,0)
segmento[60]=((574.0,500.0),(658.0,550.0),0,0)
segmento[61]=((704.0,525.0),(704.0,475.0),0,0)
segmento[62]=((747.0,551.0),(747.0,501.0),0,0)
segmento[63]=((747.0,501.0),(704.0,475.0),0,0)
segmento[64]=((747.0,551.0),(704.0,525.0),0,0)
segmento[65]=((662.0,399.0),(576.0,449.0),0,0)
segmento[66]=((704.0,574.0),(576.0,649.0),0,0)
segmento[67]=((704.0,574.0),(704.0,621.0),0,0)
segmento[68]=((704.0,574.0),(743.0,598.0),0,0)
segmento[69]=((660.0,600.0),(704.0,621.0),0,0)
segmento[70]=((400.0,800.0),(400.0,601.0),0,0)
segmento[71]=((358.0,774.0),(400.0,751.0),0,0)
segmento[72]=((400.0,751.0),(441.0,774.0),0,0)
segmento[73]=((445.0,724.0),(531.0,675.0),0,0)
segmento[74]=((531.0,675.0),(571.0,699.0),0,0)
segmento[75]=((355.0,725.0),(96.0,575.0),0,0)
segmento[76]=((96.0,575.0),(96.0,524.0),0,0)
segmento[77]=((96.0,524.0),(183.0,575.0),0,0)
segmento[78]=((224.0,648.0),(224.0,602.0),0,0)
segmento[79]=((224.0,602.0),(184.0,625.0),0,0)
segmento[80]=((355.0,725.0),(355.0,575.0),0,0)
segmento[81]=((312.0,649.0),(312.0,401.0),0,0)
segmento[82]=((312.0,401.0),(355.0,376.0),0,0)
segmento[83]=((355.0,376.0),(355.0,527.0),0,0)
segmento[84]=((312.0,401.0),(354.0,424.0),0,0)
segmento[85]=((355.0,527.0),(446.0,474.0),0,0)
segmento[86]=((532.0,374.0),(532.0,474.0),0,0)
segmento[87]=((532.0,474.0),(488.0,500.0),0,0)
segmento[88]=((488.0,500.0),(488.0,349.0),0,0)
segmento[89]=((488.0,349.0),(532.0,324.0),0,0)
segmento[90]=((532.0,324.0),(532.0,274.0),0,0)
segmento[91]=((532.0,274.0),(400.0,350.0),0,0)
segmento[92]=((400.0,350.0),(400.0,449.0),0,0)
segmento[93]=((445.0,378.0),(445.0,425.0),0,0)
segmento[94]=((445.0,425.0),(487.0,400.0),0,0)
segmento[95]=((314.0,700.0),(354.0,677.0),0,0)
segmento[96]=((53.0,299.0),(53.0,550.0),0,0)
segmento[97]=((224.0,499.0),(97.0,425.0),0,0)
segmento[98]=((97.0,425.0),(97.0,375.0),0,0)
segmento[99]=((138.0,399.0),(223.0,448.0),0,0)
segmento[100]=((269.0,374.0),(269.0,574.0),0,0)
segmento[101]=((269.0,574.0),(54.0,450.0),0,0)
segmento[102]=((54.0,500.0),(97.0,476.0),0,0)
segmento[103]=((228.0,549.0),(268.0,527.0),0,0)
segmento[104]=((355.0,575.0),(312.0,550.0),0,0)
segmento[105]=((355.0,575.0),(445.0,525.0),0,0)
segmento[106]=((312.0,649.0),(270.0,625.0),0,0)
segmento[107]=((270.0,625.0),(311.0,602.0),0,0)
segmento[108]=((487.0,49.0),(530.0,74.0),1,1)
fondo_giratorio=1
imagen_fnd_giratorio=images/hex_maze_001_bg.png
pos_fnd_giratorio=((0,0),(800,800))
centro_giro_fnd_gir=(0.0,0.0)
escala=3.0
ruta_musica=None
num_bumpers=0
tiempo_cuenta_atras=200
num_zonas_acel_circ= 0
imagen_segm_pared=images/green_1x5.png
imagen_desc_menu=images/level_desc/hexmaze.png
