nombre=HexMaze01
descripcion=Encuentra la salida del laberinto
num_segmentos=114
modo_giro_mapa=3
punto_giro=(0.0,0.0)
angulo_max=0.0
pos_inicial_moneda=(352.0,416.0)
gravedad=1000.0
imagen_moneda=images/moneda4.png
imagen_fondo=images/PsychedelicBackground_001.jpg
segmento[0]=((399.0,800.0),(786.0,576.0),0,0)
segmento[1]=((786.0,576.0),(786.0,224.0),0,0)
segmento[2]=((399.0,800.0),(13.0,575.0),0,0)
segmento[3]=((13.0,575.0),(13.0,224.0),0,0)
segmento[4]=((13.0,224.0),(401.0,0.0),0,0)
segmento[5]=((401.0,0.0),(746.0,199.0),0,0)
segmento[6]=((746.0,199.0),(748.0,300.0),0,0)
segmento[7]=((748.0,300.0),(660.0,350.0),0,0)
segmento[8]=((660.0,350.0),(575.0,300.0),0,0)
segmento[9]=((575.0,300.0),(703.0,225.0),0,0)
segmento[10]=((616.0,278.0),(616.0,322.0),0,0)
segmento[11]=((703.0,174.0),(488.0,300.0),0,0)
segmento[12]=((488.0,300.0),(489.0,504.0),0,0)
segmento[13]=((661.0,299.0),(745.0,250.0),0,0)
segmento[14]=((532.0,323.0),(532.0,478.0),0,0)
segmento[15]=((532.0,323.0),(662.0,400.0),0,0)
segmento[16]=((662.0,400.0),(786.0,328.0),0,0)
segmento[17]=((663.0,151.0),(663.0,195.0),0,0)
segmento[18]=((532.0,125.0),(532.0,221.0),0,0)
segmento[19]=((615.0,175.0),(399.0,300.0),0,0)
segmento[20]=((574.0,151.0),(615.0,175.0),0,0)
segmento[21]=((488.0,199.0),(488.0,52.0),0,0)
segmento[22]=((445.0,73.0),(355.0,126.0),0,0)
segmento[23]=((400.0,100.0),(444.0,126.0),0,0)
segmento[24]=((445.0,73.0),(445.0,273.0),0,0)
segmento[25]=((355.0,126.0),(355.0,76.0),0,0)
segmento[26]=((355.0,76.0),(399.0,51.0),0,0)
segmento[27]=((311.0,250.0),(400.0,199.0),0,0)
segmento[28]=((400.0,199.0),(400.0,148.0),0,0)
segmento[29]=((400.0,148.0),(355.0,176.0),0,0)
segmento[30]=((311.0,250.0),(311.0,51.0),0,0)
segmento[31]=((351.0,223.0),(314.0,201.0),0,0)
segmento[32]=((569.0,197.0),(535.0,177.0),0,0)
segmento[33]=((272.0,76.0),(309.0,98.0),0,0)
segmento[34]=((750.0,352.0),(784.0,372.0),0,0)
segmento[35]=((662.0,449.0),(662.0,400.0),0,0)
segmento[36]=((54.0,251.0),(268.0,126.0),0,0)
segmento[37]=((268.0,126.0),(268.0,276.0),0,0)
segmento[38]=((54.0,400.0),(268.0,276.0),0,0)
segmento[39]=((355.0,379.0),(355.0,276.0),0,0)
segmento[40]=((268.0,276.0),(354.0,324.0),0,0)
segmento[41]=((313.0,299.0),(443.0,224.0),0,0)
segmento[42]=((54.0,251.0),(96.0,274.0),0,0)
segmento[43]=((96.0,228.0),(96.0,274.0),0,0)
segmento[44]=((227.0,151.0),(266.0,173.0),0,0)
segmento[45]=((13.0,374.0),(138.0,301.0),0,0)
segmento[46]=((138.0,301.0),(138.0,251.0),0,0)
segmento[47]=((138.0,251.0),(225.0,201.0),0,0)
segmento[48]=((225.0,201.0),(225.0,251.0),0,0)
segmento[49]=((225.0,251.0),(182.0,275.0),0,0)
segmento[50]=((399.0,300.0),(399.0,551.0),0,0)
segmento[51]=((401.0,600.0),(486.0,551.0),0,0)
segmento[52]=((443.0,526.0),(531.0,575.0),0,0)
segmento[53]=((574.0,550.0),(531.0,575.0),0,0)
segmento[54]=((531.0,575.0),(531.0,625.0),0,0)
segmento[55]=((446.0,477.0),(531.0,526.0),0,0)
segmento[56]=((446.0,477.0),(446.0,327.0),0,0)
segmento[57]=((576.0,500.0),(576.0,401.0),0,0)
segmento[58]=((531.0,526.0),(576.0,500.0),0,0)
segmento[59]=((576.0,401.0),(617.0,425.0),0,0)
segmento[60]=((617.0,425.0),(577.0,449.0),0,0)
segmento[61]=((662.0,449.0),(617.0,475.0),0,0)
segmento[62]=((618.0,525.0),(705.0,474.0),0,0)
segmento[63]=((705.0,474.0),(705.0,424.0),0,0)
segmento[64]=((705.0,424.0),(747.0,400.0),0,0)
segmento[65]=((746.0,450.0),(785.0,427.0),0,0)
segmento[66]=((746.0,450.0),(784.0,472.0),0,0)
segmento[67]=((705.0,474.0),(747.0,500.0),0,0)
segmento[68]=((747.0,500.0),(747.0,551.0),0,0)
segmento[69]=((704.0,525.0),(704.0,624.0),0,0)
segmento[70]=((704.0,575.0),(743.0,599.0),0,0)
segmento[71]=((401.0,750.0),(663.0,599.0),0,0)
segmento[72]=((401.0,750.0),(224.0,649.0),0,0)
segmento[73]=((663.0,599.0),(663.0,500.0),0,0)
segmento[74]=((576.0,500.0),(660.0,551.0),0,0)
segmento[75]=((574.0,550.0),(618.0,576.0),0,0)
segmento[76]=((618.0,576.0),(575.0,600.0),0,0)
segmento[77]=((401.0,701.0),(401.0,649.0),0,0)
segmento[78]=((401.0,701.0),(441.0,724.0),0,0)
segmento[79]=((401.0,701.0),(360.0,723.0),0,0)
segmento[80]=((401.0,649.0),(488.0,599.0),0,0)
segmento[81]=((531.0,625.0),(444.0,675.0),0,0)
segmento[82]=((401.0,600.0),(268.0,523.0),0,0)
segmento[83]=((268.0,523.0),(268.0,624.0),0,0)
segmento[84]=((268.0,624.0),(355.0,675.0),0,0)
segmento[85]=((355.0,675.0),(355.0,624.0),0,0)
segmento[86]=((355.0,624.0),(311.0,599.0),0,0)
segmento[87]=((270.0,576.0),(313.0,551.0),0,0)
segmento[88]=((399.0,551.0),(441.0,574.0),0,0)
segmento[89]=((399.0,551.0),(358.0,575.0),0,0)
segmento[90]=((54.0,400.0),(53.0,551.0),0,0)
segmento[91]=((53.0,551.0),(139.0,599.0),0,0)
segmento[92]=((139.0,599.0),(139.0,500.0),0,0)
segmento[93]=((139.0,500.0),(96.0,474.0),0,0)
segmento[94]=((96.0,474.0),(96.0,526.0),0,0)
segmento[95]=((96.0,574.0),(137.0,552.0),0,0)
segmento[96]=((184.0,376.0),(270.0,324.0),0,0)
segmento[97]=((184.0,376.0),(184.0,674.0),0,0)
segmento[98]=((312.0,350.0),(312.0,449.0),0,0)
segmento[99]=((270.0,324.0),(312.0,350.0),0,0)
segmento[100]=((312.0,449.0),(397.0,499.0),0,0)
segmento[101]=((359.0,475.0),(397.0,452.0),0,0)
segmento[102]=((53.0,300.0),(94.0,324.0),0,0)
segmento[103]=((14.0,327.0),(52.0,349.0),0,0)
segmento[104]=((96.0,424.0),(182.0,474.0),0,0)
segmento[105]=((96.0,424.0),(140.0,399.0),0,0)
segmento[106]=((142.0,449.0),(183.0,426.0),0,0)
segmento[107]=((143.0,648.0),(183.0,626.0),0,0)
segmento[108]=((224.0,649.0),(224.0,398.0),0,0)
segmento[109]=((356.0,524.0),(224.0,448.0),0,0)
segmento[110]=((224.0,501.0),(269.0,475.0),0,0)
segmento[111]=((269.0,475.0),(269.0,424.0),0,0)
segmento[112]=((228.0,351.0),(269.0,375.0),0,0)
segmento[113]=((746.0,199.0),(786.0,224.0),1,1)
fondo_giratorio=1
imagen_fnd_giratorio=images/hex_maze_001_bg.png
pos_fnd_giratorio=((0,0),(800,800))
centro_giro_fnd_gir=(0.0,0.0)
ruta_musica=None
num_bumpers=0
num_zonas_acel_circ= 0
imagen_segm_pared=images/green_1x5.png
escala=3
tiempo_cuenta_atras=90
imagen_desc_menu=images/level_desc/hexmaze.png
