nombre=Piggybank
descripcion=Extraiga la moneda de la hucha
num_segmentos=205
modo_giro_mapa=3
punto_giro=(0.0,0.0)
angulo_max=0.0
pos_inicial_moneda=(425.0,565.0)
gravedad=1000.0
imagen_moneda=images/moneda3.png
imagen_fondo=images/pink_neon_grid.jpg
segmento[0]=((291.0,561.0),(319.0,571.0),0,0)
segmento[1]=((319.0,571.0),(349.0,578.0),0,0)
segmento[2]=((349.0,578.0),(383.0,583.0),0,0)
segmento[3]=((383.0,583.0),(417.0,585.0),0,0)
segmento[4]=((417.0,585.0),(445.0,585.0),0,0)
segmento[5]=((445.0,585.0),(472.0,582.0),0,0)
segmento[6]=((472.0,582.0),(504.0,576.0),0,0)
segmento[7]=((504.0,576.0),(536.0,567.0),0,0)
segmento[8]=((536.0,567.0),(562.0,558.0),0,0)
segmento[9]=((562.0,558.0),(572.0,556.0),0,0)
segmento[10]=((572.0,556.0),(582.0,559.0),0,0)
segmento[11]=((582.0,559.0),(589.0,600.0),0,0)
segmento[12]=((589.0,600.0),(658.0,602.0),0,0)
segmento[13]=((658.0,602.0),(665.0,566.0),0,0)
segmento[14]=((665.0,566.0),(675.0,489.0),0,0)
segmento[15]=((675.0,489.0),(693.0,467.0),0,0)
segmento[16]=((693.0,467.0),(714.0,441.0),0,0)
segmento[17]=((714.0,441.0),(730.0,408.0),0,0)
segmento[18]=((730.0,408.0),(745.0,372.0),0,0)
segmento[19]=((745.0,372.0),(751.0,344.0),0,0)
segmento[20]=((751.0,344.0),(753.0,290.0),0,0)
segmento[21]=((753.0,290.0),(735.0,208.0),0,0)
segmento[22]=((735.0,208.0),(719.0,176.0),0,0)
segmento[23]=((719.0,176.0),(695.0,136.0),0,0)
segmento[24]=((695.0,136.0),(657.0,98.0),0,0)
segmento[25]=((657.0,98.0),(624.0,73.0),0,0)
segmento[26]=((624.0,73.0),(567.0,45.0),0,0)
segmento[27]=((567.0,45.0),(518.0,31.0),0,0)
segmento[28]=((518.0,31.0),(452.0,21.0),0,0)
segmento[29]=((452.0,21.0),(450.0,10.0),0,0)
segmento[30]=((291.0,561.0),(281.0,565.0),0,0)
segmento[31]=((281.0,565.0),(279.0,600.0),0,0)
segmento[32]=((279.0,600.0),(209.0,602.0),0,0)
segmento[33]=((209.0,602.0),(204.0,596.0),0,0)
segmento[34]=((204.0,596.0),(192.0,506.0),0,0)
segmento[35]=((192.0,506.0),(142.0,447.0),0,0)
segmento[36]=((142.0,447.0),(132.0,445.0),0,0)
segmento[37]=((132.0,445.0),(89.0,441.0),0,0)
segmento[38]=((89.0,441.0),(79.0,437.0),0,0)
segmento[39]=((79.0,437.0),(71.0,428.0),0,0)
segmento[40]=((71.0,428.0),(37.0,295.0),0,0)
segmento[41]=((37.0,295.0),(37.0,284.0),0,0)
segmento[42]=((37.0,284.0),(47.0,276.0),0,0)
segmento[43]=((47.0,276.0),(95.0,261.0),0,0)
segmento[44]=((95.0,261.0),(102.0,257.0),0,0)
segmento[45]=((102.0,257.0),(113.0,214.0),0,0)
segmento[46]=((113.0,214.0),(129.0,178.0),0,0)
segmento[47]=((129.0,178.0),(138.0,155.0),0,0)
segmento[48]=((252.0,59.0),(293.0,41.0),0,0)
segmento[49]=((293.0,41.0),(331.0,32.0),0,0)
segmento[50]=((331.0,32.0),(370.0,26.0),0,0)
segmento[51]=((370.0,26.0),(410.0,23.0),0,0)
segmento[52]=((410.0,23.0),(411.0,10.0),0,0)
segmento[53]=((281.0,565.0),(287.0,463.0),0,0)
segmento[54]=((425.0,546.0),(391.0,544.0),0,0)
segmento[55]=((391.0,544.0),(354.0,538.0),0,0)
segmento[56]=((354.0,538.0),(322.0,530.0),0,0)
segmento[57]=((425.0,546.0),(459.0,543.0),0,0)
segmento[58]=((459.0,543.0),(492.0,536.0),0,0)
segmento[59]=((492.0,536.0),(527.0,525.0),0,0)
segmento[60]=((582.0,559.0),(568.0,448.0),0,0)
segmento[61]=((425.0,546.0),(425.0,484.0),0,0)
segmento[62]=((425.0,484.0),(470.0,480.0),0,0)
segmento[63]=((571.0,476.0),(533.0,491.0),0,0)
segmento[64]=((533.0,491.0),(496.0,501.0),0,0)
segmento[65]=((496.0,501.0),(457.0,510.0),0,0)
segmento[66]=((568.0,448.0),(509.0,469.0),0,0)
segmento[67]=((470.0,480.0),(495.0,443.0),0,0)
segmento[68]=((495.0,443.0),(566.0,421.0),0,0)
segmento[69]=((527.0,525.0),(548.0,518.0),0,0)
segmento[70]=((568.0,448.0),(607.0,433.0),0,0)
segmento[71]=((285.0,486.0),(388.0,509.0),0,0)
segmento[72]=((388.0,509.0),(390.0,472.0),0,0)
segmento[73]=((315.0,492.0),(320.0,443.0),0,0)
segmento[74]=((320.0,443.0),(441.0,439.0),0,0)
segmento[75]=((390.0,472.0),(349.0,471.0),0,0)
segmento[76]=((607.0,433.0),(600.0,409.0),0,0)
segmento[77]=((594.0,385.0),(511.0,402.0),0,0)
segmento[78]=((511.0,402.0),(436.0,410.0),0,0)
segmento[79]=((436.0,410.0),(368.0,412.0),0,0)
segmento[80]=((368.0,412.0),(368.0,376.0),0,0)
segmento[81]=((368.0,376.0),(440.0,373.0),0,0)
segmento[82]=((440.0,373.0),(512.0,365.0),0,0)
segmento[83]=((512.0,365.0),(631.0,344.0),0,0)
segmento[84]=((631.0,344.0),(638.0,427.0),0,0)
segmento[85]=((638.0,427.0),(616.0,462.0),0,0)
segmento[86]=((616.0,462.0),(597.0,472.0),0,0)
segmento[87]=((597.0,472.0),(613.0,574.0),0,0)
segmento[88]=((637.0,572.0),(650.0,485.0),0,0)
segmento[89]=((675.0,489.0),(650.0,485.0),0,0)
segmento[90]=((287.0,463.0),(288.0,442.0),0,0)
segmento[91]=((288.0,442.0),(193.0,445.0),0,0)
segmento[92]=((193.0,445.0),(220.0,491.0),0,0)
segmento[93]=((220.0,491.0),(231.0,566.0),0,0)
segmento[94]=((231.0,566.0),(253.0,565.0),0,0)
segmento[95]=((253.0,565.0),(259.0,471.0),0,0)
segmento[96]=((337.0,413.0),(68.0,424.0),0,0)
segmento[97]=((89.0,441.0),(87.0,423.0),0,0)
segmento[98]=((337.0,413.0),(336.0,351.0),0,0)
segmento[99]=((336.0,351.0),(430.0,347.0),0,0)
segmento[100]=((112.0,386.0),(300.0,379.0),0,0)
segmento[101]=((300.0,379.0),(295.0,225.0),0,0)
segmento[102]=((51.0,352.0),(153.0,349.0),0,0)
segmento[103]=((191.0,382.0),(188.0,309.0),0,0)
segmento[104]=((188.0,309.0),(82.0,312.0),0,0)
segmento[105]=((138.0,155.0),(115.0,116.0),0,0)
segmento[106]=((115.0,116.0),(109.0,101.0),0,0)
segmento[107]=((109.0,101.0),(102.0,43.0),0,0)
segmento[108]=((102.0,43.0),(135.0,35.0),0,0)
segmento[109]=((135.0,35.0),(179.0,35.0),0,0)
segmento[110]=((179.0,35.0),(220.0,45.0),0,0)
segmento[111]=((220.0,45.0),(252.0,59.0),0,0)
segmento[112]=((225.0,380.0),(220.0,267.0),0,0)
segmento[113]=((220.0,267.0),(131.0,269.0),0,0)
segmento[114]=((131.0,269.0),(137.0,240.0),0,0)
segmento[115]=((137.0,240.0),(149.0,204.0),0,0)
segmento[116]=((410.0,23.0),(410.0,51.0),0,0)
segmento[117]=((410.0,51.0),(373.0,54.0),0,0)
segmento[118]=((373.0,54.0),(334.0,61.0),0,0)
segmento[119]=((334.0,61.0),(297.0,72.0),0,0)
segmento[120]=((297.0,72.0),(261.0,85.0),0,0)
segmento[121]=((410.0,51.0),(455.0,51.0),0,0)
segmento[122]=((455.0,51.0),(501.0,58.0),0,0)
segmento[123]=((501.0,58.0),(563.0,74.0),0,0)
segmento[124]=((563.0,74.0),(612.0,98.0),0,0)
segmento[125]=((527.0,100.0),(568.0,100.0),0,0)
segmento[126]=((568.0,100.0),(594.0,117.0),0,0)
segmento[127]=((594.0,117.0),(673.0,113.0),0,0)
segmento[128]=((650.0,114.0),(656.0,97.0),0,0)
segmento[129]=((175.0,266.0),(192.0,210.0),0,0)
segmento[130]=((220.0,267.0),(238.0,218.0),0,0)
segmento[131]=((238.0,218.0),(192.0,210.0),0,0)
segmento[132]=((247.0,355.0),(244.0,265.0),0,0)
segmento[133]=((247.0,355.0),(275.0,354.0),0,0)
segmento[134]=((275.0,354.0),(272.0,225.0),0,0)
segmento[135]=((138.0,155.0),(197.0,187.0),0,0)
segmento[136]=((272.0,225.0),(261.0,85.0),0,0)
segmento[137]=((238.0,86.0),(238.0,218.0),0,0)
segmento[138]=((197.0,187.0),(215.0,188.0),0,0)
segmento[139]=((215.0,188.0),(215.0,117.0),0,0)
segmento[140]=((238.0,86.0),(208.0,68.0),0,0)
segmento[141]=((208.0,68.0),(174.0,58.0),0,0)
segmento[142]=((174.0,58.0),(138.0,58.0),0,0)
segmento[143]=((215.0,117.0),(189.0,109.0),0,0)
segmento[144]=((193.0,156.0),(152.0,135.0),0,0)
segmento[145]=((168.0,143.0),(174.0,58.0),0,0)
segmento[146]=((138.0,58.0),(141.0,104.0),0,0)
segmento[147]=((430.0,347.0),(483.0,269.0),0,0)
segmento[148]=((468.0,340.0),(626.0,313.0),0,0)
segmento[149]=((468.0,340.0),(492.0,302.0),0,0)
segmento[150]=((492.0,302.0),(622.0,285.0),0,0)
segmento[151]=((483.0,269.0),(621.0,256.0),0,0)
segmento[152]=((621.0,256.0),(622.0,285.0),0,0)
segmento[153]=((650.0,458.0),(667.0,423.0),0,0)
segmento[154]=((667.0,423.0),(651.0,279.0),0,0)
segmento[155]=((651.0,279.0),(621.0,256.0),0,0)
segmento[156]=((622.0,285.0),(651.0,279.0),0,0)
segmento[157]=((527.0,100.0),(510.0,123.0),0,0)
segmento[158]=((510.0,123.0),(458.0,125.0),0,0)
segmento[159]=((295.0,225.0),(288.0,112.0),0,0)
segmento[160]=((308.0,110.0),(330.0,106.0),0,0)
segmento[161]=((330.0,106.0),(332.0,150.0),0,0)
segmento[162]=((290.0,155.0),(404.0,140.0),0,0)
segmento[163]=((408.0,160.0),(317.0,173.0),0,0)
segmento[164]=((408.0,160.0),(458.0,125.0),0,0)
segmento[165]=((408.0,160.0),(402.0,112.0),0,0)
segmento[166]=((376.0,124.0),(375.0,92.0),0,0)
segmento[167]=((375.0,92.0),(563.0,74.0),0,0)
segmento[168]=((528.0,77.0),(527.0,64.0),0,0)
segmento[169]=((261.0,85.0),(501.0,58.0),0,0)
segmento[170]=((349.0,75.0),(353.0,124.0),0,0)
segmento[171]=((425.0,122.0),(485.0,82.0),0,0)
segmento[172]=((462.0,96.0),(455.0,84.0),0,0)
segmento[173]=((539.0,146.0),(552.0,125.0),0,0)
segmento[174]=((552.0,125.0),(564.0,144.0),0,0)
segmento[175]=((564.0,144.0),(664.0,134.0),0,0)
segmento[176]=((664.0,134.0),(677.0,157.0),0,0)
segmento[177]=((677.0,157.0),(491.0,172.0),0,0)
segmento[178]=((539.0,146.0),(469.0,150.0),0,0)
segmento[179]=((469.0,150.0),(413.0,182.0),0,0)
segmento[180]=((413.0,182.0),(320.0,193.0),0,0)
segmento[181]=((336.0,351.0),(320.0,193.0),0,0)
segmento[182]=((690.0,415.0),(661.0,185.0),0,0)
segmento[183]=((661.0,185.0),(719.0,176.0),0,0)
segmento[184]=((735.0,208.0),(693.0,213.0),0,0)
segmento[185]=((713.0,385.0),(694.0,236.0),0,0)
segmento[186]=((714.0,210.0),(731.0,334.0),0,0)
segmento[187]=((640.0,235.0),(633.0,162.0),0,0)
segmento[188]=((348.0,214.0),(356.0,324.0),0,0)
segmento[189]=((348.0,214.0),(481.0,198.0),0,0)
segmento[190]=((379.0,348.0),(376.0,237.0),0,0)
segmento[191]=((399.0,209.0),(404.0,318.0),0,0)
segmento[192]=((508.0,194.0),(514.0,265.0),0,0)
segmento[193]=((509.0,221.0),(429.0,230.0),0,0)
segmento[194]=((402.0,258.0),(455.0,251.0),0,0)
segmento[195]=((426.0,306.0),(452.0,272.0),0,0)
segmento[196]=((452.0,272.0),(423.0,275.0),0,0)
segmento[197]=((423.0,275.0),(426.0,306.0),0,0)
segmento[198]=((483.0,269.0),(481.0,243.0),0,0)
segmento[199]=((532.0,193.0),(611.0,184.0),0,0)
segmento[200]=((611.0,184.0),(616.0,232.0),0,0)
segmento[201]=((534.0,214.0),(537.0,242.0),0,0)
segmento[202]=((537.0,242.0),(594.0,236.0),0,0)
segmento[203]=((554.0,215.0),(595.0,212.0),0,0)
segmento[204]=((411.0,10.0),(450.0,10.0),1,1)
fondo_giratorio=1
imagen_fnd_giratorio=images/piggybank.png
pos_fnd_giratorio=((0,0),(825,626))
centro_giro_fnd_gir=(0.0,0.0)
escala=5.0
ruta_musica=music/TengoUnaVacaLechera(Instrumental).mp3
num_bumpers=0
tiempo_cuenta_atras=200
num_zonas_acel_circ= 0
imagen_segm_pared=images/arcilla_1x5.png
imagen_desc_menu=images/level_desc/Piggybank.png
