nombre=wood_holes_01
descripcion=No caigas en los agujeros
num_segmentos=188
modo_giro_mapa=3
punto_giro=(0.0,0.0)
angulo_max=0.0
pos_inicial_moneda=(195.0,195.0)
gravedad=1000.0
imagen_moneda=images/metal_ball_1.png
imagen_fondo=images/gradient_gray.jpg
segmento[0]=((0.0,0.0),(0.0,200.0),0,0)
segmento[1]=((0.0,0.0),(200.0,0.0),0,0)
segmento[2]=((200.0,0.0),(200.0,200.0),0,0)
segmento[3]=((0.0,200.0),(200.0,200.0),0,0)
segmento[4]=((0.0,10.0),(10.0,10.0),0,0)
segmento[5]=((10.0,10.0),(10.0,50.0),0,0)
segmento[6]=((20.0,0.0),(20.0,30.0),0,0)
segmento[7]=((20.0,30.0),(50.0,30.0),0,0)
segmento[8]=((50.0,30.0),(50.0,40.0),0,0)
segmento[9]=((20.0,40.0),(50.0,40.0),0,0)
segmento[10]=((10.0,50.0),(90.0,50.0),0,0)
segmento[11]=((30.0,10.0),(70.0,10.0),0,0)
segmento[12]=((30.0,10.0),(30.0,20.0),0,0)
segmento[13]=((30.0,20.0),(60.0,20.0),0,0)
segmento[14]=((60.0,20.0),(60.0,50.0),0,0)
segmento[15]=((70.0,20.0),(70.0,40.0),0,0)
segmento[16]=((70.0,40.0),(90.0,40.0),0,0)
segmento[17]=((80.0,10.0),(110.0,10.0),0,0)
segmento[18]=((80.0,20.0),(90.0,20.0),0,0)
segmento[19]=((80.0,20.0),(80.0,30.0),0,0)
segmento[20]=((90.0,20.0),(90.0,30.0),0,0)
segmento[21]=((80.0,30.0),(90.0,30.0),0,0)
segmento[22]=((110.0,20.0),(110.0,50.0),0,0)
segmento[23]=((100.0,20.0),(100.0,50.0),0,0)
segmento[24]=((120.0,10.0),(150.0,10.0),0,0)
segmento[25]=((140.0,20.0),(160.0,20.0),0,0)
segmento[26]=((160.0,10.0),(160.0,20.0),0,0)
segmento[27]=((160.0,10.0),(170.0,10.0),0,0)
segmento[28]=((140.0,30.0),(170.0,30.0),0,0)
segmento[29]=((170.0,20.0),(170.0,30.0),0,0)
segmento[30]=((170.0,20.0),(180.0,20.0),0,0)
segmento[31]=((180.0,10.0),(190.0,10.0),0,0)
segmento[32]=((180.0,20.0),(180.0,70.0),0,0)
segmento[33]=((180.0,30.0),(190.0,30.0),0,0)
segmento[34]=((180.0,50.0),(190.0,50.0),0,0)
segmento[35]=((190.0,40.0),(200.0,40.0),0,0)
segmento[36]=((190.0,60.0),(200.0,60.0),0,0)
segmento[37]=((190.0,10.0),(190.0,20.0),0,0)
segmento[38]=((120.0,20.0),(120.0,80.0),0,0)
segmento[39]=((130.0,20.0),(130.0,40.0),0,0)
segmento[40]=((130.0,40.0),(150.0,40.0),0,0)
segmento[41]=((150.0,40.0),(150.0,60.0),0,0)
segmento[42]=((160.0,40.0),(170.0,40.0),0,0)
segmento[43]=((160.0,40.0),(160.0,50.0),0,0)
segmento[44]=((170.0,40.0),(170.0,50.0),0,0)
segmento[45]=((160.0,50.0),(170.0,50.0),0,0)
segmento[46]=((130.0,50.0),(130.0,90.0),0,0)
segmento[47]=((130.0,50.0),(140.0,50.0),0,0)
segmento[48]=((140.0,50.0),(140.0,70.0),0,0)
segmento[49]=((140.0,70.0),(150.0,70.0),0,0)
segmento[50]=((160.0,60.0),(170.0,60.0),0,0)
segmento[51]=((160.0,70.0),(190.0,70.0),0,0)
segmento[52]=((190.0,70.0),(190.0,110.0),0,0)
segmento[53]=((180.0,110.0),(190.0,110.0),0,0)
segmento[54]=((180.0,100.0),(180.0,110.0),0,0)
segmento[55]=((170.0,100.0),(170.0,110.0),0,0)
segmento[56]=((130.0,110.0),(170.0,110.0),0,0)
segmento[57]=((160.0,70.0),(160.0,120.0),0,0)
segmento[58]=((170.0,80.0),(170.0,90.0),0,0)
segmento[59]=((170.0,80.0),(180.0,80.0),0,0)
segmento[60]=((180.0,80.0),(180.0,90.0),0,0)
segmento[61]=((170.0,90.0),(180.0,90.0),0,0)
segmento[62]=((140.0,80.0),(140.0,90.0),0,0)
segmento[63]=((140.0,80.0),(150.0,80.0),0,0)
segmento[64]=((150.0,80.0),(150.0,100.0),0,0)
segmento[65]=((130.0,100.0),(150.0,100.0),0,0)
segmento[66]=((170.0,120.0),(200.0,120.0),0,0)
segmento[67]=((170.0,120.0),(170.0,140.0),0,0)
segmento[68]=((170.0,140.0),(180.0,140.0),0,0)
segmento[69]=((180.0,130.0),(180.0,170.0),0,0)
segmento[70]=((190.0,120.0),(190.0,140.0),0,0)
segmento[71]=((190.0,150.0),(190.0,170.0),0,0)
segmento[72]=((190.0,170.0),(200.0,170.0),0,0)
segmento[73]=((190.0,180.0),(190.0,190.0),0,0)
segmento[74]=((160.0,180.0),(190.0,180.0),0,0)
segmento[75]=((140.0,130.0),(160.0,130.0),0,0)
segmento[76]=((160.0,130.0),(160.0,150.0),0,0)
segmento[77]=((160.0,150.0),(170.0,150.0),0,0)
segmento[78]=((170.0,150.0),(170.0,170.0),0,0)
segmento[79]=((160.0,160.0),(160.0,180.0),0,0)
segmento[80]=((170.0,190.0),(180.0,190.0),0,0)
segmento[81]=((180.0,190.0),(180.0,200.0),0,0)
segmento[82]=((130.0,150.0),(150.0,150.0),0,0)
segmento[83]=((150.0,150.0),(150.0,190.0),0,0)
segmento[84]=((150.0,190.0),(160.0,190.0),0,0)
segmento[85]=((130.0,120.0),(150.0,120.0),0,0)
segmento[86]=((130.0,120.0),(130.0,140.0),0,0)
segmento[87]=((130.0,140.0),(150.0,140.0),0,0)
segmento[88]=((30.0,150.0),(30.0,180.0),0,0)
segmento[89]=((30.0,170.0),(120.0,170.0),0,0)
segmento[90]=((120.0,170.0),(120.0,190.0),0,0)
segmento[91]=((120.0,190.0),(140.0,190.0),0,0)
segmento[92]=((140.0,170.0),(140.0,190.0),0,0)
segmento[93]=((130.0,170.0),(140.0,170.0),0,0)
segmento[94]=((130.0,170.0),(130.0,180.0),0,0)
segmento[95]=((80.0,160.0),(140.0,160.0),0,0)
segmento[96]=((20.0,160.0),(20.0,190.0),0,0)
segmento[97]=((20.0,190.0),(110.0,190.0),0,0)
segmento[98]=((30.0,180.0),(50.0,180.0),0,0)
segmento[99]=((60.0,180.0),(110.0,180.0),0,0)
segmento[100]=((0.0,120.0),(20.0,120.0),0,0)
segmento[101]=((20.0,120.0),(20.0,150.0),0,0)
segmento[102]=((10.0,150.0),(20.0,150.0),0,0)
segmento[103]=((10.0,150.0),(10.0,190.0),0,0)
segmento[104]=((20.0,140.0),(60.0,140.0),0,0)
segmento[105]=((60.0,140.0),(60.0,150.0),0,0)
segmento[106]=((40.0,140.0),(40.0,160.0),0,0)
segmento[107]=((40.0,160.0),(70.0,160.0),0,0)
segmento[108]=((70.0,120.0),(70.0,160.0),0,0)
segmento[109]=((40.0,150.0),(60.0,150.0),0,0)
segmento[110]=((0.0,140.0),(10.0,140.0),0,0)
segmento[111]=((10.0,130.0),(10.0,140.0),0,0)
segmento[112]=((80.0,120.0),(120.0,120.0),0,0)
segmento[113]=((120.0,120.0),(120.0,160.0),0,0)
segmento[114]=((80.0,130.0),(80.0,150.0),0,0)
segmento[115]=((80.0,130.0),(110.0,130.0),0,0)
segmento[116]=((80.0,150.0),(110.0,150.0),0,0)
segmento[117]=((90.0,140.0),(120.0,140.0),0,0)
segmento[118]=((10.0,60.0),(20.0,60.0),0,0)
segmento[119]=((20.0,60.0),(20.0,80.0),0,0)
segmento[120]=((10.0,80.0),(20.0,80.0),0,0)
segmento[121]=((30.0,60.0),(30.0,90.0),0,0)
segmento[122]=((10.0,90.0),(30.0,90.0),0,0)
segmento[123]=((10.0,90.0),(10.0,110.0),0,0)
segmento[124]=((10.0,110.0),(30.0,110.0),0,0)
segmento[125]=((30.0,100.0),(30.0,110.0),0,0)
segmento[126]=((20.0,100.0),(30.0,100.0),0,0)
segmento[127]=((0.0,70.0),(10.0,70.0),0,0)
segmento[128]=((40.0,60.0),(60.0,60.0),0,0)
segmento[129]=((60.0,60.0),(60.0,90.0),0,0)
segmento[130]=((50.0,90.0),(60.0,90.0),0,0)
segmento[131]=((50.0,90.0),(50.0,120.0),0,0)
segmento[132]=((50.0,120.0),(60.0,120.0),0,0)
segmento[133]=((60.0,120.0),(60.0,130.0),0,0)
segmento[134]=((30.0,130.0),(60.0,130.0),0,0)
segmento[135]=((30.0,120.0),(30.0,130.0),0,0)
segmento[136]=((40.0,70.0),(40.0,120.0),0,0)
segmento[137]=((30.0,120.0),(40.0,120.0),0,0)
segmento[138]=((40.0,70.0),(50.0,70.0),0,0)
segmento[139]=((50.0,70.0),(50.0,80.0),0,0)
segmento[140]=((70.0,60.0),(110.0,60.0),0,0)
segmento[141]=((70.0,60.0),(70.0,80.0),0,0)
segmento[142]=((80.0,60.0),(80.0,80.0),0,0)
segmento[143]=((70.0,90.0),(90.0,90.0),0,0)
segmento[144]=((90.0,70.0),(90.0,90.0),0,0)
segmento[145]=((90.0,70.0),(110.0,70.0),0,0)
segmento[146]=((100.0,80.0),(120.0,80.0),0,0)
segmento[147]=((100.0,90.0),(120.0,90.0),0,0)
segmento[148]=((120.0,90.0),(120.0,100.0),0,0)
segmento[149]=((60.0,100.0),(120.0,100.0),0,0)
segmento[150]=((60.0,100.0),(60.0,110.0),0,0)
segmento[151]=((60.0,110.0),(120.0,110.0),0,0)
segmento[152]=((134.0,5.0),(136.0,5.0),2,1)
segmento[153]=((34.0,15.0),(36.0,15.0),2,1)
segmento[154]=((94.0,15.0),(96.0,15.0),2,1)
segmento[155]=((124.0,15.0),(126.0,15.0),2,1)
segmento[156]=((154.0,25.0),(156.0,25.0),2,1)
segmento[157]=((174.0,25.0),(176.0,25.0),2,1)
segmento[158]=((44.0,35.0),(46.0,35.0),2,1)
segmento[159]=((74.0,45.0),(76.0,45.0),2,1)
segmento[160]=((144.0,45.0),(146.0,45.0),2,1)
segmento[161]=((14.0,55.0),(16.0,55.0),2,1)
segmento[162]=((84.0,55.0),(86.0,55.0),2,1)
segmento[163]=((104.0,55.0),(106.0,55.0),2,1)
segmento[164]=((94.0,65.0),(96.0,65.0),2,1)
segmento[165]=((104.0,85.0),(106.0,85.0),2,1)
segmento[166]=((114.0,95.0),(116.0,95.0),2,1)
segmento[167]=((64.0,105.0),(66.0,105.0),2,1)
segmento[168]=((164.0,105.0),(166.0,105.0),2,1)
segmento[169]=((184.0,105.0),(186.0,105.0),2,1)
segmento[170]=((54.0,115.0),(56.0,115.0),2,1)
segmento[171]=((94.0,115.0),(96.0,115.0),2,1)
segmento[172]=((134.0,115.0),(136.0,115.0),2,1)
segmento[173]=((34.0,125.0),(36.0,125.0),2,1)
segmento[174]=((54.0,125.0),(56.0,125.0),2,1)
segmento[175]=((194.0,125.0),(196.0,125.0),2,1)
segmento[176]=((4.0,135.0),(6.0,135.0),2,1)
segmento[177]=((174.0,135.0),(176.0,135.0),2,1)
segmento[178]=((134.0,145.0),(136.0,145.0),2,1)
segmento[179]=((44.0,155.0),(46.0,155.0),2,1)
segmento[180]=((14.0,165.0),(16.0,165.0),2,1)
segmento[181]=((94.0,165.0),(96.0,165.0),2,1)
segmento[182]=((194.0,165.0),(196.0,165.0),2,1)
segmento[183]=((34.0,175.0),(36.0,175.0),2,1)
segmento[184]=((84.0,185.0),(86.0,185.0),2,1)
segmento[185]=((154.0,195.0),(156.0,195.0),2,1)
segmento[186]=((174.0,195.0),(176.0,195.0),2,1)
segmento[187]=((4.0,5.0),(6.0,5.0),1,1)
fondo_giratorio=1
imagen_fnd_giratorio=images/wood_holes_01_bg.png
pos_fnd_giratorio=((0,0),(200,200))
centro_giro_fnd_gir=(0.0,0.0)
escala=9.0
ruta_musica=None
num_bumpers=0
tiempo_cuenta_atras=300
num_zonas_acel_circ= 0
no_rot_moneda
imagen_segm_pared=images/madera_osc_1x5.png
imagen_desc_menu=images/level_desc/Labyrinth_Holes.png
