nombre=Terror
descripcion=Busca un lugar seguro
num_segmentos=528
modo_giro_mapa=3
punto_giro=(0.0,0.0)
angulo_max=0.0
pos_inicial_moneda=(640.0,605.0)
gravedad=1000.0
imagen_moneda=images/moneda8.png
imagen_fondo=images/fondo_negro.png
segmento[0]=((374.0,304.0),(472.0,304.0),0,0)
segmento[1]=((472.0,304.0),(475.0,302.0),0,0)
segmento[2]=((475.0,302.0),(477.0,299.0),0,0)
segmento[3]=((477.0,299.0),(479.0,295.0),0,0)
segmento[4]=((479.0,295.0),(479.0,236.0),0,0)
segmento[5]=((479.0,236.0),(478.0,233.0),0,0)
segmento[6]=((478.0,233.0),(476.0,230.0),0,0)
segmento[7]=((476.0,230.0),(472.0,228.0),0,0)
segmento[8]=((472.0,228.0),(387.0,228.0),0,0)
segmento[9]=((387.0,228.0),(385.0,226.0),0,0)
segmento[10]=((385.0,226.0),(383.0,225.0),0,0)
segmento[11]=((383.0,225.0),(383.0,223.0),0,0)
segmento[12]=((383.0,223.0),(383.0,60.0),0,0)
segmento[13]=((383.0,60.0),(384.0,58.0),0,0)
segmento[14]=((384.0,58.0),(387.0,57.0),0,0)
segmento[15]=((387.0,57.0),(625.0,57.0),0,0)
segmento[16]=((625.0,57.0),(628.0,57.0),0,0)
segmento[17]=((628.0,57.0),(630.0,58.0),0,0)
segmento[18]=((630.0,58.0),(631.0,59.0),0,0)
segmento[19]=((631.0,59.0),(631.0,124.0),0,0)
segmento[20]=((631.0,124.0),(632.0,127.0),0,0)
segmento[21]=((632.0,127.0),(634.0,131.0),0,0)
segmento[22]=((634.0,131.0),(637.0,132.0),0,0)
segmento[23]=((637.0,132.0),(644.0,132.0),0,0)
segmento[24]=((644.0,132.0),(647.0,131.0),0,0)
segmento[25]=((647.0,131.0),(649.0,129.0),0,0)
segmento[26]=((649.0,129.0),(650.0,126.0),0,0)
segmento[27]=((650.0,126.0),(650.0,62.0),0,0)
segmento[28]=((650.0,62.0),(650.0,59.0),0,0)
segmento[29]=((650.0,59.0),(652.0,57.0),0,0)
segmento[30]=((652.0,57.0),(654.0,57.0),0,0)
segmento[31]=((654.0,57.0),(893.0,57.0),0,0)
segmento[32]=((893.0,57.0),(896.0,58.0),0,0)
segmento[33]=((896.0,58.0),(897.0,59.0),0,0)
segmento[34]=((897.0,59.0),(897.0,60.0),0,0)
segmento[35]=((897.0,60.0),(897.0,224.0),0,0)
segmento[36]=((897.0,224.0),(897.0,226.0),0,0)
segmento[37]=((897.0,226.0),(896.0,227.0),0,0)
segmento[38]=((896.0,227.0),(894.0,228.0),0,0)
segmento[39]=((894.0,228.0),(809.0,228.0),0,0)
segmento[40]=((809.0,228.0),(806.0,229.0),0,0)
segmento[41]=((806.0,229.0),(805.0,230.0),0,0)
segmento[42]=((805.0,230.0),(803.0,232.0),0,0)
segmento[43]=((803.0,232.0),(802.0,235.0),0,0)
segmento[44]=((802.0,235.0),(802.0,295.0),0,0)
segmento[45]=((802.0,295.0),(803.0,298.0),0,0)
segmento[46]=((803.0,298.0),(805.0,301.0),0,0)
segmento[47]=((805.0,301.0),(807.0,303.0),0,0)
segmento[48]=((807.0,303.0),(810.0,304.0),0,0)
segmento[49]=((810.0,304.0),(907.0,304.0),0,0)
segmento[50]=((374.0,294.0),(464.0,294.0),0,0)
segmento[51]=((464.0,294.0),(467.0,293.0),0,0)
segmento[52]=((467.0,293.0),(468.0,291.0),0,0)
segmento[53]=((468.0,291.0),(469.0,289.0),0,0)
segmento[54]=((469.0,289.0),(469.0,241.0),0,0)
segmento[55]=((469.0,241.0),(468.0,239.0),0,0)
segmento[56]=((468.0,239.0),(464.0,237.0),0,0)
segmento[57]=((464.0,237.0),(383.0,237.0),0,0)
segmento[58]=((383.0,237.0),(380.0,237.0),0,0)
segmento[59]=((380.0,237.0),(377.0,235.0),0,0)
segmento[60]=((377.0,235.0),(375.0,232.0),0,0)
segmento[61]=((375.0,232.0),(373.0,229.0),0,0)
segmento[62]=((373.0,229.0),(373.0,55.0),0,0)
segmento[63]=((373.0,55.0),(374.0,52.0),0,0)
segmento[64]=((374.0,52.0),(376.0,49.0),0,0)
segmento[65]=((376.0,49.0),(379.0,47.0),0,0)
segmento[66]=((379.0,47.0),(897.0,47.0),0,0)
segmento[67]=((897.0,47.0),(901.0,48.0),0,0)
segmento[68]=((901.0,48.0),(903.0,49.0),0,0)
segmento[69]=((903.0,49.0),(905.0,51.0),0,0)
segmento[70]=((905.0,51.0),(906.0,53.0),0,0)
segmento[71]=((906.0,53.0),(907.0,55.0),0,0)
segmento[72]=((907.0,55.0),(907.0,228.0),0,0)
segmento[73]=((907.0,228.0),(906.0,233.0),0,0)
segmento[74]=((906.0,233.0),(904.0,235.0),0,0)
segmento[75]=((904.0,235.0),(902.0,237.0),0,0)
segmento[76]=((902.0,237.0),(898.0,238.0),0,0)
segmento[77]=((898.0,238.0),(815.0,238.0),0,0)
segmento[78]=((815.0,238.0),(813.0,239.0),0,0)
segmento[79]=((813.0,239.0),(812.0,240.0),0,0)
segmento[80]=((812.0,240.0),(812.0,291.0),0,0)
segmento[81]=((812.0,291.0),(813.0,293.0),0,0)
segmento[82]=((813.0,293.0),(815.0,294.0),0,0)
segmento[83]=((815.0,294.0),(907.0,294.0),0,0)
segmento[84]=((374.0,342.0),(467.0,342.0),0,0)
segmento[85]=((467.0,342.0),(472.0,343.0),0,0)
segmento[86]=((472.0,343.0),(476.0,345.0),0,0)
segmento[87]=((476.0,345.0),(478.0,347.0),0,0)
segmento[88]=((478.0,347.0),(478.0,349.0),0,0)
segmento[89]=((478.0,349.0),(478.0,410.0),0,0)
segmento[90]=((478.0,410.0),(477.0,413.0),0,0)
segmento[91]=((477.0,413.0),(475.0,416.0),0,0)
segmento[92]=((475.0,416.0),(472.0,418.0),0,0)
segmento[93]=((472.0,418.0),(387.0,418.0),0,0)
segmento[94]=((387.0,418.0),(384.0,419.0),0,0)
segmento[95]=((384.0,419.0),(383.0,421.0),0,0)
segmento[96]=((383.0,421.0),(383.0,508.0),0,0)
segmento[97]=((383.0,508.0),(384.0,511.0),0,0)
segmento[98]=((384.0,511.0),(387.0,513.0),0,0)
segmento[99]=((387.0,513.0),(414.0,513.0),0,0)
segmento[100]=((414.0,513.0),(418.0,515.0),0,0)
segmento[101]=((418.0,515.0),(420.0,517.0),0,0)
segmento[102]=((420.0,517.0),(421.0,521.0),0,0)
segmento[103]=((421.0,521.0),(421.0,525.0),0,0)
segmento[104]=((421.0,525.0),(420.0,528.0),0,0)
segmento[105]=((420.0,528.0),(418.0,531.0),0,0)
segmento[106]=((418.0,531.0),(414.0,532.0),0,0)
segmento[107]=((414.0,532.0),(388.0,532.0),0,0)
segmento[108]=((388.0,532.0),(385.0,533.0),0,0)
segmento[109]=((385.0,533.0),(383.0,535.0),0,0)
segmento[110]=((383.0,535.0),(383.0,623.0),0,0)
segmento[111]=((383.0,623.0),(384.0,625.0),0,0)
segmento[112]=((384.0,625.0),(386.0,627.0),0,0)
segmento[113]=((386.0,627.0),(389.0,627.0),0,0)
segmento[114]=((389.0,627.0),(893.0,627.0),0,0)
segmento[115]=((893.0,627.0),(895.0,626.0),0,0)
segmento[116]=((895.0,626.0),(897.0,624.0),0,0)
segmento[117]=((897.0,624.0),(897.0,537.0),0,0)
segmento[118]=((897.0,537.0),(896.0,534.0),0,0)
segmento[119]=((896.0,534.0),(893.0,532.0),0,0)
segmento[120]=((893.0,532.0),(868.0,532.0),0,0)
segmento[121]=((868.0,532.0),(865.0,531.0),0,0)
segmento[122]=((865.0,531.0),(863.0,529.0),0,0)
segmento[123]=((863.0,529.0),(861.0,527.0),0,0)
segmento[124]=((861.0,527.0),(859.0,524.0),0,0)
segmento[125]=((859.0,524.0),(859.0,521.0),0,0)
segmento[126]=((859.0,521.0),(860.0,517.0),0,0)
segmento[127]=((860.0,517.0),(863.0,514.0),0,0)
segmento[128]=((863.0,514.0),(867.0,513.0),0,0)
segmento[129]=((867.0,513.0),(893.0,513.0),0,0)
segmento[130]=((893.0,513.0),(896.0,512.0),0,0)
segmento[131]=((896.0,512.0),(897.0,509.0),0,0)
segmento[132]=((897.0,509.0),(897.0,421.0),0,0)
segmento[133]=((897.0,421.0),(896.0,419.0),0,0)
segmento[134]=((896.0,419.0),(893.0,418.0),0,0)
segmento[135]=((893.0,418.0),(811.0,418.0),0,0)
segmento[136]=((811.0,418.0),(807.0,417.0),0,0)
segmento[137]=((807.0,417.0),(804.0,415.0),0,0)
segmento[138]=((804.0,415.0),(802.0,412.0),0,0)
segmento[139]=((802.0,412.0),(802.0,409.0),0,0)
segmento[140]=((802.0,409.0),(802.0,348.0),0,0)
segmento[141]=((802.0,348.0),(804.0,345.0),0,0)
segmento[142]=((804.0,345.0),(807.0,343.0),0,0)
segmento[143]=((807.0,343.0),(810.0,342.0),0,0)
segmento[144]=((810.0,342.0),(907.0,342.0),0,0)
segmento[145]=((374.0,351.0),(463.0,351.0),0,0)
segmento[146]=((463.0,351.0),(466.0,352.0),0,0)
segmento[147]=((466.0,352.0),(468.0,353.0),0,0)
segmento[148]=((468.0,353.0),(469.0,354.0),0,0)
segmento[149]=((469.0,354.0),(469.0,403.0),0,0)
segmento[150]=((469.0,403.0),(469.0,406.0),0,0)
segmento[151]=((469.0,406.0),(468.0,407.0),0,0)
segmento[152]=((468.0,407.0),(465.0,409.0),0,0)
segmento[153]=((465.0,409.0),(380.0,409.0),0,0)
segmento[154]=((380.0,409.0),(377.0,410.0),0,0)
segmento[155]=((377.0,410.0),(375.0,412.0),0,0)
segmento[156]=((375.0,412.0),(374.0,415.0),0,0)
segmento[157]=((374.0,415.0),(374.0,627.0),0,0)
segmento[158]=((374.0,627.0),(374.0,630.0),0,0)
segmento[159]=((374.0,630.0),(375.0,633.0),0,0)
segmento[160]=((375.0,633.0),(378.0,635.0),0,0)
segmento[161]=((378.0,635.0),(382.0,637.0),0,0)
segmento[162]=((382.0,637.0),(899.0,637.0),0,0)
segmento[163]=((899.0,637.0),(902.0,636.0),0,0)
segmento[164]=((902.0,636.0),(904.0,634.0),0,0)
segmento[165]=((904.0,634.0),(906.0,632.0),0,0)
segmento[166]=((906.0,632.0),(906.0,628.0),0,0)
segmento[167]=((906.0,628.0),(906.0,415.0),0,0)
segmento[168]=((906.0,415.0),(904.0,411.0),0,0)
segmento[169]=((904.0,411.0),(901.0,409.0),0,0)
segmento[170]=((901.0,409.0),(816.0,409.0),0,0)
segmento[171]=((816.0,409.0),(813.0,407.0),0,0)
segmento[172]=((813.0,407.0),(812.0,405.0),0,0)
segmento[173]=((812.0,405.0),(812.0,355.0),0,0)
segmento[174]=((812.0,355.0),(813.0,353.0),0,0)
segmento[175]=((813.0,353.0),(816.0,351.0),0,0)
segmento[176]=((816.0,351.0),(907.0,351.0),0,0)
segmento[177]=((615.0,284.0),(576.0,284.0),0,0)
segmento[178]=((576.0,284.0),(574.0,286.0),0,0)
segmento[179]=((574.0,286.0),(574.0,358.0),0,0)
segmento[180]=((574.0,358.0),(576.0,361.0),0,0)
segmento[181]=((576.0,361.0),(703.0,361.0),0,0)
segmento[182]=((703.0,361.0),(707.0,359.0),0,0)
segmento[183]=((707.0,359.0),(707.0,287.0),0,0)
segmento[184]=((707.0,287.0),(704.0,284.0),0,0)
segmento[185]=((704.0,284.0),(669.0,284.0),0,0)
segmento[186]=((669.0,284.0),(666.0,287.0),0,0)
segmento[187]=((666.0,287.0),(666.0,293.0),0,0)
segmento[188]=((666.0,293.0),(698.0,293.0),0,0)
segmento[189]=((698.0,293.0),(698.0,352.0),1,0)
segmento[190]=((698.0,352.0),(582.0,352.0),1,0)
segmento[191]=((582.0,352.0),(582.0,294.0),1,0)
segmento[192]=((582.0,294.0),(615.0,294.0),0,0)
segmento[193]=((615.0,284.0),(615.0,294.0),0,0)
segmento[194]=((430.0,94.0),(469.0,94.0),0,0)
segmento[195]=((469.0,94.0),(474.0,96.0),0,0)
segmento[196]=((474.0,96.0),(477.0,99.0),0,0)
segmento[197]=((477.0,99.0),(479.0,103.0),0,0)
segmento[198]=((479.0,103.0),(479.0,123.0),0,0)
segmento[199]=((479.0,123.0),(478.0,128.0),0,0)
segmento[200]=((478.0,128.0),(475.0,131.0),0,0)
segmento[201]=((475.0,131.0),(471.0,133.0),0,0)
segmento[202]=((471.0,133.0),(430.0,133.0),0,0)
segmento[203]=((430.0,133.0),(425.0,131.0),0,0)
segmento[204]=((425.0,131.0),(422.0,128.0),0,0)
segmento[205]=((422.0,128.0),(421.0,124.0),0,0)
segmento[206]=((421.0,124.0),(421.0,102.0),0,0)
segmento[207]=((421.0,102.0),(423.0,98.0),0,0)
segmento[208]=((423.0,98.0),(425.0,96.0),0,0)
segmento[209]=((425.0,96.0),(430.0,94.0),0,0)
segmento[210]=((526.0,94.0),(584.0,94.0),0,0)
segmento[211]=((584.0,94.0),(587.0,95.0),0,0)
segmento[212]=((587.0,95.0),(590.0,97.0),0,0)
segmento[213]=((590.0,97.0),(592.0,101.0),0,0)
segmento[214]=((592.0,101.0),(592.0,124.0),0,0)
segmento[215]=((592.0,124.0),(591.0,128.0),0,0)
segmento[216]=((591.0,128.0),(589.0,131.0),0,0)
segmento[217]=((589.0,131.0),(586.0,133.0),0,0)
segmento[218]=((586.0,133.0),(526.0,133.0),0,0)
segmento[219]=((526.0,133.0),(521.0,131.0),0,0)
segmento[220]=((521.0,131.0),(518.0,128.0),0,0)
segmento[221]=((518.0,128.0),(516.0,125.0),0,0)
segmento[222]=((516.0,125.0),(516.0,102.0),0,0)
segmento[223]=((516.0,102.0),(518.0,98.0),0,0)
segmento[224]=((518.0,98.0),(522.0,95.0),0,0)
segmento[225]=((522.0,95.0),(526.0,94.0),0,0)
segmento[226]=((696.0,94.0),(756.0,94.0),0,0)
segmento[227]=((756.0,94.0),(760.0,96.0),0,0)
segmento[228]=((760.0,96.0),(762.0,98.0),0,0)
segmento[229]=((762.0,98.0),(764.0,102.0),0,0)
segmento[230]=((764.0,102.0),(764.0,125.0),0,0)
segmento[231]=((764.0,125.0),(762.0,128.0),0,0)
segmento[232]=((762.0,128.0),(760.0,131.0),0,0)
segmento[233]=((760.0,131.0),(757.0,133.0),0,0)
segmento[234]=((757.0,133.0),(696.0,133.0),0,0)
segmento[235]=((696.0,133.0),(692.0,131.0),0,0)
segmento[236]=((692.0,131.0),(689.0,128.0),0,0)
segmento[237]=((689.0,128.0),(688.0,125.0),0,0)
segmento[238]=((688.0,125.0),(688.0,101.0),0,0)
segmento[239]=((688.0,101.0),(689.0,99.0),0,0)
segmento[240]=((689.0,99.0),(691.0,97.0),0,0)
segmento[241]=((691.0,97.0),(696.0,94.0),0,0)
segmento[242]=((810.0,95.0),(852.0,95.0),0,0)
segmento[243]=((852.0,95.0),(856.0,96.0),0,0)
segmento[244]=((856.0,96.0),(858.0,99.0),0,0)
segmento[245]=((858.0,99.0),(859.0,102.0),0,0)
segmento[246]=((859.0,102.0),(859.0,124.0),0,0)
segmento[247]=((859.0,124.0),(858.0,127.0),0,0)
segmento[248]=((858.0,127.0),(856.0,130.0),0,0)
segmento[249]=((856.0,130.0),(852.0,133.0),0,0)
segmento[250]=((852.0,133.0),(810.0,133.0),0,0)
segmento[251]=((810.0,133.0),(805.0,130.0),0,0)
segmento[252]=((805.0,130.0),(803.0,127.0),0,0)
segmento[253]=((803.0,127.0),(802.0,124.0),0,0)
segmento[254]=((802.0,124.0),(802.0,100.0),0,0)
segmento[255]=((802.0,100.0),(804.0,97.0),0,0)
segmento[256]=((804.0,97.0),(810.0,95.0),0,0)
segmento[257]=((428.0,171.0),(470.0,171.0),0,0)
segmento[258]=((470.0,171.0),(474.0,172.0),0,0)
segmento[259]=((474.0,172.0),(477.0,175.0),0,0)
segmento[260]=((477.0,175.0),(478.0,178.0),0,0)
segmento[261]=((478.0,178.0),(478.0,183.0),0,0)
segmento[262]=((478.0,183.0),(476.0,186.0),0,0)
segmento[263]=((476.0,186.0),(474.0,188.0),0,0)
segmento[264]=((474.0,188.0),(470.0,190.0),0,0)
segmento[265]=((470.0,190.0),(428.0,190.0),0,0)
segmento[266]=((428.0,190.0),(424.0,187.0),0,0)
segmento[267]=((424.0,187.0),(422.0,184.0),0,0)
segmento[268]=((422.0,184.0),(422.0,177.0),0,0)
segmento[269]=((422.0,177.0),(424.0,174.0),0,0)
segmento[270]=((424.0,174.0),(428.0,171.0),0,0)
segmento[271]=((535.0,178.0),(535.0,223.0),0,0)
segmento[272]=((535.0,223.0),(537.0,227.0),0,0)
segmento[273]=((537.0,227.0),(540.0,228.0),0,0)
segmento[274]=((540.0,228.0),(585.0,228.0),0,0)
segmento[275]=((585.0,228.0),(589.0,230.0),0,0)
segmento[276]=((589.0,230.0),(592.0,233.0),0,0)
segmento[277]=((592.0,233.0),(593.0,238.0),0,0)
segmento[278]=((593.0,238.0),(592.0,243.0),0,0)
segmento[279]=((592.0,243.0),(589.0,246.0),0,0)
segmento[280]=((589.0,246.0),(584.0,248.0),0,0)
segmento[281]=((584.0,248.0),(541.0,248.0),0,0)
segmento[282]=((541.0,248.0),(537.0,249.0),0,0)
segmento[283]=((537.0,249.0),(535.0,251.0),0,0)
segmento[284]=((535.0,251.0),(535.0,297.0),0,0)
segmento[285]=((535.0,297.0),(533.0,301.0),0,0)
segmento[286]=((533.0,301.0),(529.0,304.0),0,0)
segmento[287]=((529.0,304.0),(523.0,304.0),0,0)
segmento[288]=((523.0,304.0),(519.0,302.0),0,0)
segmento[289]=((519.0,302.0),(517.0,298.0),0,0)
segmento[290]=((517.0,298.0),(517.0,177.0),0,0)
segmento[291]=((517.0,177.0),(520.0,173.0),0,0)
segmento[292]=((520.0,173.0),(524.0,171.0),0,0)
segmento[293]=((524.0,171.0),(528.0,171.0),0,0)
segmento[294]=((528.0,171.0),(532.0,172.0),0,0)
segmento[295]=((532.0,172.0),(534.0,175.0),0,0)
segmento[296]=((534.0,175.0),(535.0,178.0),0,0)
segmento[297]=((581.0,171.0),(699.0,171.0),0,0)
segmento[298]=((699.0,171.0),(704.0,173.0),0,0)
segmento[299]=((704.0,173.0),(706.0,176.0),0,0)
segmento[300]=((706.0,176.0),(706.0,183.0),0,0)
segmento[301]=((706.0,183.0),(704.0,187.0),0,0)
segmento[302]=((704.0,187.0),(699.0,190.0),0,0)
segmento[303]=((699.0,190.0),(653.0,190.0),0,0)
segmento[304]=((653.0,190.0),(650.0,193.0),0,0)
segmento[305]=((650.0,193.0),(650.0,240.0),0,0)
segmento[306]=((650.0,240.0),(647.0,245.0),0,0)
segmento[307]=((647.0,245.0),(642.0,247.0),0,0)
segmento[308]=((642.0,247.0),(638.0,247.0),0,0)
segmento[309]=((638.0,247.0),(633.0,245.0),0,0)
segmento[310]=((633.0,245.0),(631.0,241.0),0,0)
segmento[311]=((631.0,241.0),(631.0,193.0),0,0)
segmento[312]=((631.0,193.0),(628.0,190.0),0,0)
segmento[313]=((628.0,190.0),(581.0,190.0),0,0)
segmento[314]=((581.0,190.0),(576.0,187.0),0,0)
segmento[315]=((576.0,187.0),(574.0,182.0),0,0)
segmento[316]=((574.0,182.0),(574.0,177.0),0,0)
segmento[317]=((574.0,177.0),(576.0,173.0),0,0)
segmento[318]=((576.0,173.0),(581.0,171.0),0,0)
segmento[319]=((764.0,179.0),(764.0,297.0),0,0)
segmento[320]=((764.0,297.0),(762.0,301.0),0,0)
segmento[321]=((762.0,301.0),(758.0,304.0),0,0)
segmento[322]=((758.0,304.0),(751.0,304.0),0,0)
segmento[323]=((751.0,304.0),(747.0,301.0),0,0)
segmento[324]=((747.0,301.0),(745.0,296.0),0,0)
segmento[325]=((745.0,296.0),(745.0,251.0),0,0)
segmento[326]=((745.0,251.0),(741.0,247.0),0,0)
segmento[327]=((741.0,247.0),(694.0,247.0),0,0)
segmento[328]=((694.0,247.0),(690.0,244.0),0,0)
segmento[329]=((690.0,244.0),(689.0,241.0),0,0)
segmento[330]=((689.0,241.0),(689.0,234.0),0,0)
segmento[331]=((689.0,234.0),(691.0,230.0),0,0)
segmento[332]=((691.0,230.0),(696.0,228.0),0,0)
segmento[333]=((696.0,228.0),(741.0,228.0),0,0)
segmento[334]=((741.0,228.0),(745.0,224.0),0,0)
segmento[335]=((745.0,224.0),(745.0,178.0),0,0)
segmento[336]=((745.0,178.0),(747.0,174.0),0,0)
segmento[337]=((747.0,174.0),(751.0,171.0),0,0)
segmento[338]=((751.0,171.0),(758.0,171.0),0,0)
segmento[339]=((758.0,171.0),(761.0,173.0),0,0)
segmento[340]=((761.0,173.0),(763.0,175.0),0,0)
segmento[341]=((763.0,175.0),(764.0,179.0),0,0)
segmento[342]=((808.0,171.0),(853.0,171.0),0,0)
segmento[343]=((853.0,171.0),(857.0,173.0),0,0)
segmento[344]=((857.0,173.0),(859.0,177.0),0,0)
segmento[345]=((859.0,177.0),(859.0,182.0),0,0)
segmento[346]=((859.0,182.0),(858.0,186.0),0,0)
segmento[347]=((858.0,186.0),(854.0,189.0),0,0)
segmento[348]=((854.0,189.0),(810.0,189.0),0,0)
segmento[349]=((810.0,189.0),(805.0,186.0),0,0)
segmento[350]=((805.0,186.0),(802.0,183.0),0,0)
segmento[351]=((802.0,183.0),(802.0,178.0),0,0)
segmento[352]=((802.0,178.0),(803.0,174.0),0,0)
segmento[353]=((803.0,174.0),(808.0,171.0),0,0)
segmento[354]=((745.0,349.0),(745.0,411.0),0,0)
segmento[355]=((745.0,411.0),(747.0,415.0),0,0)
segmento[356]=((747.0,415.0),(750.0,417.0),0,0)
segmento[357]=((750.0,417.0),(759.0,417.0),0,0)
segmento[358]=((759.0,417.0),(762.0,414.0),0,0)
segmento[359]=((762.0,414.0),(764.0,410.0),0,0)
segmento[360]=((764.0,410.0),(764.0,349.0),0,0)
segmento[361]=((764.0,349.0),(762.0,345.0),0,0)
segmento[362]=((762.0,345.0),(757.0,342.0),0,0)
segmento[363]=((757.0,342.0),(751.0,342.0),0,0)
segmento[364]=((751.0,342.0),(747.0,344.0),0,0)
segmento[365]=((747.0,344.0),(745.0,349.0),0,0)
segmento[366]=((516.0,349.0),(516.0,411.0),0,0)
segmento[367]=((516.0,411.0),(518.0,415.0),0,0)
segmento[368]=((518.0,415.0),(523.0,418.0),0,0)
segmento[369]=((523.0,418.0),(529.0,418.0),0,0)
segmento[370]=((529.0,418.0),(534.0,414.0),0,0)
segmento[371]=((534.0,414.0),(535.0,410.0),0,0)
segmento[372]=((535.0,410.0),(535.0,349.0),0,0)
segmento[373]=((535.0,349.0),(533.0,345.0),0,0)
segmento[374]=((533.0,345.0),(529.0,342.0),0,0)
segmento[375]=((529.0,342.0),(523.0,342.0),0,0)
segmento[376]=((523.0,342.0),(519.0,344.0),0,0)
segmento[377]=((519.0,344.0),(516.0,349.0),0,0)
segmento[378]=((580.0,399.0),(699.0,399.0),0,0)
segmento[379]=((699.0,399.0),(703.0,401.0),0,0)
segmento[380]=((703.0,401.0),(706.0,405.0),0,0)
segmento[381]=((706.0,405.0),(706.0,413.0),0,0)
segmento[382]=((706.0,413.0),(703.0,417.0),0,0)
segmento[383]=((703.0,417.0),(699.0,418.0),0,0)
segmento[384]=((699.0,418.0),(652.0,418.0),0,0)
segmento[385]=((652.0,418.0),(650.0,421.0),0,0)
segmento[386]=((650.0,421.0),(650.0,469.0),0,0)
segmento[387]=((650.0,469.0),(648.0,472.0),0,0)
segmento[388]=((648.0,472.0),(644.0,475.0),0,0)
segmento[389]=((644.0,475.0),(636.0,475.0),0,0)
segmento[390]=((636.0,475.0),(633.0,472.0),0,0)
segmento[391]=((633.0,472.0),(631.0,468.0),0,0)
segmento[392]=((631.0,468.0),(631.0,421.0),0,0)
segmento[393]=((631.0,421.0),(628.0,418.0),0,0)
segmento[394]=((628.0,418.0),(580.0,418.0),0,0)
segmento[395]=((580.0,418.0),(576.0,415.0),0,0)
segmento[396]=((576.0,415.0),(574.0,411.0),0,0)
segmento[397]=((574.0,411.0),(574.0,405.0),0,0)
segmento[398]=((574.0,405.0),(576.0,402.0),0,0)
segmento[399]=((576.0,402.0),(580.0,399.0),0,0)
segmento[400]=((522.0,456.0),(586.0,456.0),0,0)
segmento[401]=((586.0,456.0),(589.0,458.0),0,0)
segmento[402]=((589.0,458.0),(592.0,462.0),0,0)
segmento[403]=((592.0,462.0),(592.0,469.0),0,0)
segmento[404]=((592.0,469.0),(590.0,472.0),0,0)
segmento[405]=((590.0,472.0),(586.0,475.0),0,0)
segmento[406]=((586.0,475.0),(522.0,475.0),0,0)
segmento[407]=((522.0,475.0),(519.0,472.0),0,0)
segmento[408]=((519.0,472.0),(517.0,468.0),0,0)
segmento[409]=((517.0,468.0),(517.0,463.0),0,0)
segmento[410]=((517.0,463.0),(518.0,460.0),0,0)
segmento[411]=((518.0,460.0),(522.0,456.0),0,0)
segmento[412]=((428,456),(472,456),0,0)
segmento[413]=((472,456),(475,458),0,0)
segmento[414]=((475,458),(477,461),0,0)
segmento[415]=((477,461),(478,464),0,0)
segmento[416]=((478,464),(478,525),0,0)
segmento[417]=((478,525),(476,529),0,0)
segmento[418]=((476,529),(471,532),0,0)
segmento[419]=((471,532),(466,532),0,0)
segmento[420]=((466,532),(461,529),0,0)
segmento[421]=((461,529),(459,524),0,0)
segmento[422]=((459,524),(459,478),0,0)
segmento[423]=((459,478),(456,475),0,0)
segmento[424]=((456,475),(427,475),0,0)
segmento[425]=((427,475),(423,472),0,0)
segmento[426]=((423,472),(421,468),0,0)
segmento[427]=((421,468),(421,463),0,0)
segmento[428]=((421,463),(423,460),0,0)
segmento[429]=((423,460),(428,456),0,0)
segmento[430]=((695,456),(757,456),0,0)
segmento[431]=((757,456),(761,458),0,0)
segmento[432]=((761,458),(764,463),0,0)
segmento[433]=((764,463),(764,468),0,0)
segmento[434]=((764,468),(762,472),0,0)
segmento[435]=((762,472),(757,475),0,0)
segmento[436]=((757,475),(695,475),0,0)
segmento[437]=((695,475),(690,472),0,0)
segmento[438]=((690,472),(688,468),0,0)
segmento[439]=((688,468),(688,462),0,0)
segmento[440]=((688,462),(690,459),0,0)
segmento[441]=((690,459),(695,456),0,0)
segmento[442]=((802,462),(802,525),0,0)
segmento[443]=((802,525),(804,529),0,0)
segmento[444]=((804,529),(807,531),0,0)
segmento[445]=((807,531),(815,531),0,0)
segmento[446]=((815,531),(819,529),0,0)
segmento[447]=((819,529),(821,524),0,0)
segmento[448]=((821,524),(821,478),0,0)
segmento[449]=((821,478),(824,475),0,0)
segmento[450]=((824,475),(853,475),0,0)
segmento[451]=((853,475),(856,473),0,0)
segmento[452]=((856,473),(859,470),0,0)
segmento[453]=((859,470),(859,462),0,0)
segmento[454]=((859,462),(857,458),0,0)
segmento[455]=((857,458),(852,456),0,0)
segmento[456]=((852,456),(807,456),0,0)
segmento[457]=((807,456),(803,458),0,0)
segmento[458]=((803,458),(802,462),0,0)
segmento[459]=((429,570),(512,570),0,0)
segmento[460]=((512,570),(516,568),0,0)
segmento[461]=((516,568),(516,519),0,0)
segmento[462]=((516,519),(519,516),0,0)
segmento[463]=((519,516),(524,513),0,0)
segmento[464]=((524,513),(529,513),0,0)
segmento[465]=((529,513),(532,515),0,0)
segmento[466]=((532,515),(535,518),0,0)
segmento[467]=((535,518),(536,521),0,0)
segmento[468]=((536,521),(536,567),0,0)
segmento[469]=((536,567),(539,570),0,0)
segmento[470]=((539,570),(585,570),0,0)
segmento[471]=((585,570),(589,572),0,0)
segmento[472]=((589,572),(591,575),0,0)
segmento[473]=((591,575),(591,585),0,0)
segmento[474]=((591,585),(588,589),0,0)
segmento[475]=((588,589),(429,589),0,0)
segmento[476]=((429,589),(424,587),0,0)
segmento[477]=((424,587),(421,583),0,0)
segmento[478]=((421,583),(421,576),0,0)
segmento[479]=((421,576),(424,572),0,0)
segmento[480]=((429,570),(424,572),0,0)
segmento[481]=((581,513),(697,513),0,0)
segmento[482]=((697,513),(702,514),0,0)
segmento[483]=((702,514),(705,516),0,0)
segmento[484]=((705,516),(706,520),0,0)
segmento[485]=((706,520),(706,527),0,0)
segmento[486]=((706,527),(704,530),0,0)
segmento[487]=((704,530),(700,532),0,0)
segmento[488]=((700,532),(654,532),0,0)
segmento[489]=((654,532),(650,535),0,0)
segmento[490]=((650,535),(650,583),0,0)
segmento[491]=((650,583),(648,586),0,0)
segmento[492]=((648,586),(644,589),0,0)
segmento[493]=((644,589),(637,589),0,0)
segmento[494]=((637,589),(632,586),0,0)
segmento[495]=((632,586),(631,582),0,0)
segmento[496]=((631,582),(631,535),0,0)
segmento[497]=((631,535),(628,532),0,0)
segmento[498]=((628,532),(579,532),0,0)
segmento[499]=((579,532),(576,529),0,0)
segmento[500]=((576,529),(574,526),0,0)
segmento[501]=((574,526),(574,520),0,0)
segmento[502]=((574,520),(576,516),0,0)
segmento[503]=((576,516),(581,513),0,0)
segmento[504]=((852,588),(697,588),0,0)
segmento[505]=((697,588),(690,586),0,0)
segmento[506]=((690,586),(688,581),0,0)
segmento[507]=((688,581),(688,576),0,0)
segmento[508]=((688,576),(691,572),0,0)
segmento[509]=((691,572),(696,570),0,0)
segmento[510]=((696,570),(741,570),0,0)
segmento[511]=((741,570),(745,566),0,0)
segmento[512]=((745,566),(745,519),0,0)
segmento[513]=((745,519),(748,516),0,0)
segmento[514]=((748,516),(753,513),0,0)
segmento[515]=((753,513),(758,513),0,0)
segmento[516]=((758,513),(761,515),0,0)
segmento[517]=((761,515),(764,519),0,0)
segmento[518]=((764,519),(764,567),0,0)
segmento[519]=((764,567),(767,570),0,0)
segmento[520]=((767,570),(854,570),0,0)
segmento[521]=((854,570),(857,572),0,0)
segmento[522]=((857,572),(859,577),0,0)
segmento[523]=((859,577),(859,584),0,0)
segmento[524]=((859,584),(857,586),0,0)
segmento[525]=((859,584),(852,588),0,0)
segmento[526]=((907.0,304.0),(907.0,342.0),0,1)
segmento[527]=((374.0,304.0),(374.0,342.0),0,1)
fondo_giratorio=1
imagen_fnd_giratorio=images/terror_rot_bg.png
pos_fnd_giratorio=((582,295),(698,353))
centro_giro_fnd_gir=(-582,-295)
escala=2.0
ruta_musica=None
num_bumpers=0
tiempo_cuenta_atras=120
num_zonas_acel_circ= 0
imagen_segm_pared=images/pared_azul.png
imagen_segm_meta=images/pared_azul.png

num_wormh=1
wormhole[0]=(48,(395,323),(883,322))

num_enemigos_ruta=7
enemigo_ruta[0]=2,evil_hungry_ball
enemigo_ruta[1]=2,evil_hungry_ball
enemigo_ruta[2]=2,evil_hungry_ball
enemigo_ruta[3]=2,evil_hungry_ball
enemigo_ruta[4]=2,evil_hungry_ball
enemigo_ruta[5]=2,evil_hungry_ball
enemigo_ruta[6]=2,evil_hungry_ball

waypoint_enemigo[0,0]=(400,78)
waypoint_enemigo[0,1]=(610,78)
waypoint_enemigo[0,2]=(610,152)
waypoint_enemigo[0,3]=(878,152)
waypoint_enemigo[0,4]=(878,209)
waypoint_enemigo[0,5]=(781,209)
waypoint_enemigo[0,6]=(781,76)
waypoint_enemigo[0,7]=(667,76)
waypoint_enemigo[0,8]=(667,149)
waypoint_enemigo[0,9]=(550,149)
waypoint_enemigo[0,10]=(550,207)
waypoint_enemigo[0,11]=(609,207)
waypoint_enemigo[0,12]=(609,265)
waypoint_enemigo[0,13]=(723,265)
waypoint_enemigo[0,14]=(723,436)
waypoint_enemigo[0,15]=(875,439)
waypoint_enemigo[0,16]=(875,491)
waypoint_enemigo[0,17]=(840,491)
waypoint_enemigo[0,18]=(840,551)
waypoint_enemigo[0,19]=(879,551)
waypoint_enemigo[0,20]=(879,606)
waypoint_enemigo[0,21]=(403,606)
waypoint_enemigo[0,22]=(403,554)
waypoint_enemigo[0,23]=(495,554)
waypoint_enemigo[0,24]=(495,493)
waypoint_enemigo[0,25]=(783,493)
waypoint_enemigo[0,26]=(783,325)
waypoint_enemigo[0,27]=(726,325)
waypoint_enemigo[0,28]=(726,436)
waypoint_enemigo[0,29]=(669,436)
waypoint_enemigo[0,30]=(669,495)
waypoint_enemigo[0,31]=(610,495)
waypoint_enemigo[0,32]=(610,437)
waypoint_enemigo[0,33]=(496,437)
waypoint_enemigo[0,34]=(496,78)

waypoint_enemigo[1,0]=(403,440)
waypoint_enemigo[1,1]=(497,440)
waypoint_enemigo[1,2]=(497,549)
waypoint_enemigo[1,3]=(401,549)
waypoint_enemigo[1,4]=(401,608)
waypoint_enemigo[1,5]=(668,608)
waypoint_enemigo[1,6]=(668,554)
waypoint_enemigo[1,7]=(724,554)
waypoint_enemigo[1,8]=(724,496)
waypoint_enemigo[1,9]=(667,496)
waypoint_enemigo[1,10]=(667,438)
waypoint_enemigo[1,11]=(880,438)
waypoint_enemigo[1,12]=(880,493)
waypoint_enemigo[1,13]=(840,493)
waypoint_enemigo[1,14]=(840,550)
waypoint_enemigo[1,15]=(880,550)
waypoint_enemigo[1,16]=(880,607)
waypoint_enemigo[1,17]=(669,607)
waypoint_enemigo[1,18]=(669,553)
waypoint_enemigo[1,19]=(723,553)
waypoint_enemigo[1,20]=(732,494)
waypoint_enemigo[1,21]=(781,494)
waypoint_enemigo[1,22]=(781,78)
waypoint_enemigo[1,23]=(878,78)
waypoint_enemigo[1,24]=(878,207)
waypoint_enemigo[1,25]=(781,207)
waypoint_enemigo[1,26]=(781,78)
waypoint_enemigo[1,27]=(670,78)
waypoint_enemigo[1,28]=(670,151)
waypoint_enemigo[1,29]=(401,151)
waypoint_enemigo[1,30]=(401,78)
waypoint_enemigo[1,31]=(611,78)
waypoint_enemigo[1,32]=(611,152)
waypoint_enemigo[1,33]=(555,152)
waypoint_enemigo[1,34]=(555,209)
waypoint_enemigo[1,35]=(611,209)
waypoint_enemigo[1,36]=(612,264)
waypoint_enemigo[1,37]=(555,264)
waypoint_enemigo[1,38]=(555,436)
waypoint_enemigo[1,39]=(612,436)
waypoint_enemigo[1,40]=(612,493)
waypoint_enemigo[1,41]=(497,493)
waypoint_enemigo[1,42]=(497,549)
waypoint_enemigo[1,43]=(403,549)
waypoint_enemigo[1,44]=(403,608)
waypoint_enemigo[1,45]=(610,608)
waypoint_enemigo[1,46]=(610,551)
waypoint_enemigo[1,47]=(554,551)
waypoint_enemigo[1,48]=(554,493)
waypoint_enemigo[1,49]=(497,493)
waypoint_enemigo[1,50]=(497,440)

waypoint_enemigo[2,0]=(782,153)
waypoint_enemigo[2,1]=(782,494)
waypoint_enemigo[2,2]=(498,494)
waypoint_enemigo[2,3]=(498,153)


waypoint_enemigo[3,0]=(878,438)
waypoint_enemigo[3,1]=(669,438)
waypoint_enemigo[3,2]=(669,496)
waypoint_enemigo[3,3]=(496,496)
waypoint_enemigo[3,4]=(496,437)
waypoint_enemigo[3,5]=(554,437)
waypoint_enemigo[3,6]=(554,381)
waypoint_enemigo[3,7]=(726,381)
waypoint_enemigo[3,8]=(726,268)
waypoint_enemigo[3,9]=(554,268)
waypoint_enemigo[3,10]=(554,326)
waypoint_enemigo[3,11]=(495,326)
waypoint_enemigo[3,12]=(495,75)
waypoint_enemigo[3,13]=(612,75)
waypoint_enemigo[3,14]=(612,151)
waypoint_enemigo[3,15]=(878,153)
waypoint_enemigo[3,16]=(878,206)
waypoint_enemigo[3,17]=(785,206)
waypoint_enemigo[3,18]=(785,75)
waypoint_enemigo[3,19]=(669,75)
waypoint_enemigo[3,20]=(669,153)
waypoint_enemigo[3,21]=(725,153)
waypoint_enemigo[3,22]=(725,211)
waypoint_enemigo[3,23]=(670,211)
waypoint_enemigo[3,24]=(670,267)
waypoint_enemigo[3,25]=(554,267)
waypoint_enemigo[3,26]=(554,381)
waypoint_enemigo[3,27]=(726,381)
waypoint_enemigo[3,28]=(726,436)
waypoint_enemigo[3,29]=(780,436)
waypoint_enemigo[3,30]=(780,495)
waypoint_enemigo[3,31]=(725,495)
waypoint_enemigo[3,32]=(553,495)
waypoint_enemigo[3,33]=(553,550)
waypoint_enemigo[3,34]=(611,550)
waypoint_enemigo[3,35]=(611,608)
waypoint_enemigo[3,36]=(671,608)
waypoint_enemigo[3,37]=(671,555)
waypoint_enemigo[3,38]=(721,555)
waypoint_enemigo[3,39]=(721,495)
waypoint_enemigo[3,40]=(611,495)
waypoint_enemigo[3,41]=(611,440)
waypoint_enemigo[3,42]=(555,440)
waypoint_enemigo[3,43]=(555,269)
waypoint_enemigo[3,44]=(725,269)
waypoint_enemigo[3,45]=(725,323)
waypoint_enemigo[3,46]=(784,323)
waypoint_enemigo[3,47]=(784,438)

waypoint_enemigo[4,0]=(555,269)
waypoint_enemigo[4,1]=(726,269)
waypoint_enemigo[4,2]=(726,383)
waypoint_enemigo[4,3]=(555,383)

waypoint_enemigo[5,0]=(726,383)
waypoint_enemigo[5,1]=(555,383)
waypoint_enemigo[5,2]=(555,269)
waypoint_enemigo[5,3]=(726,269)

waypoint_enemigo[6,0]=(726,153)
waypoint_enemigo[6,1]=(726,208)
waypoint_enemigo[6,2]=(669,208)
waypoint_enemigo[6,3]=(669,265)
waypoint_enemigo[6,4]=(614,265)
waypoint_enemigo[6,5]=(614,211)
waypoint_enemigo[6,6]=(556,211)
waypoint_enemigo[6,7]=(556,153)


