# Nombre del mapa
nombre=PYRAMID
descripcion=Encuentra el tesoro

# Angulo maximo (en grados)
angulo_max=30

# Posicion inicial de la moneda
pos_inicial_moneda=(499,16)

# Giro mapa respecto a origen
modo_giro_mapa=3

# Ruta de la musica
ruta_musica=music/WarpPortal_FastDreamyGameMusicbyHeatleyBros.mp3

# Gravedad
gravedad=1000

# Ruta imagen de la moneda
imagen_moneda=images/moneda2.png

# Ruta imagen del fondo
imagen_fondo=images/pyramids_background.jpg

# Fondo giratorio
fondo_giratorio=1
imagen_fnd_giratorio=images/pyramid_rot_bg.png
pos_fnd_giratorio=((0,0),(995,658))
centro_giro_fnd_gir=(0,0)

# Factor de escala
escala=6

#Numero de segmentos
num_segmentos=178

#Lado izq piramide
segmento[0]=((0,400),(217,224),0,0)
segmento[1]=((369,105),(488,10),0,0)
segmento[2]=((275,178),(349,120),0,0)

#Lado der piramide
segmento[3]=((994,398),(510,12),0,0)

#Camara superior
segmento[4]=((488,67),(488,10),0,0)
segmento[5]=((510,67),(510,10),0,0)
segmento[6]=((488,67),(440,67),0,0)
segmento[7]=((510,67),(559,67),0,0)
segmento[8]=((396,113),(440,67),0,0)
segmento[9]=((396,113),(369,105),0,0)
segmento[10]=((349,120),(379,132),0,0)
segmento[11]=((441,192),(379,132),0,0)
segmento[12]=((441,192),(559,192),0,0)
segmento[13]=((606,144),(559,192),0,0)
segmento[14]=((698,207),(559,68),0,0)
segmento[15]=((218,225),(276,225),0,0)
segmento[16]=((276,225),(317,240),0,0)
segmento[17]=((275,179),(318,212),0,0)
segmento[18]=((317,240),(460,240),0,0)
segmento[19]=((318,212),(490,212),0,0)
segmento[20]=((490,212),(490,482),0,0)
segmento[21]=((460,240),(460,457),0,0)
segmento[22]=((490,482),(443,483),0,0)
segmento[23]=((443,483),(430,493),0,0)
segmento[24]=((418,483),(430,493),0,0)
segmento[25]=((418,483),(418,289),0,0)
segmento[26]=((445,457),(445,267),0,0)
segmento[27]=((419,289),(225,289),0,0)
segmento[28]=((445,267),(202,267),0,0)
segmento[29]=((445,457),(460,457),0,0)
segmento[30]=((202,450),(202,267),0,0)
segmento[31]=((225,427),(225,289),0,0)
segmento[32]=((202,450),(241,450),0,0)
segmento[33]=((225,427),(241,427),0,0)
segmento[34]=((241,450),(254,460),0,0)
segmento[35]=((254,460),(265,448),0,0)
segmento[36]=((241,427),(241,300),0,0)
segmento[37]=((265,448),(265,320),0,0)
segmento[38]=((241,300),(406,300),0,0)
segmento[39]=((265,320),(387,320),0,0)
segmento[40]=((406,300),(406,433),0,0)
segmento[41]=((387,320),(387,398),0,0)
segmento[42]=((406,433),(298,367),0,0)
segmento[43]=((387,398),(289,336),0,0)
segmento[44]=((289,336),(278,354),0,0)
segmento[45]=((298,367),(298,397),0,0)
segmento[46]=((278,354),(278,408),0,0)
segmento[47]=((298,397),(398,451),0,0)
segmento[48]=((278,408),(371,454),0,0)
segmento[49]=((398,451),(398,467),0,0)
segmento[50]=((398,467),(102,501),0,0)
segmento[51]=((371,454),(29,495),0,0)
segmento[52]=((29,495),(29,531),0,0)
segmento[53]=((29,531),(78,531),0,0)
segmento[54]=((78,531),(78,591),0,0)
segmento[55]=((102,501),(575,545),0,0)
segmento[56]=((109,547),(109,592),0,0)
segmento[57]=((109,547),(208,547),0,0)
segmento[58]=((208,547),(208,592),0,0)
segmento[59]=((241,561),(241,592),0,0)
segmento[60]=((241,561),(357,561),0,0)
segmento[61]=((357,561),(357,592),0,0)
segmento[62]=((405,578),(405,592),0,0)
segmento[63]=((405,578),(466,578),0,0)
segmento[64]=((466,578),(497,572),0,0)
segmento[65]=((497,572),(497,592),0,0)
segmento[66]=((540,588),(540,592),0,0)
segmento[67]=((540,588),(574,588),0,0)
segmento[68]=((574,588),(574,635),0,0)
segmento[69]=((612,495),(612,636),0,0)
segmento[70]=((574,635),(594,654),0,0)
segmento[71]=((594,654),(612,636),0,0)
segmento[72]=((575,545),(575,457),0,0)
segmento[73]=((575,457),(612,457),0,0)
segmento[74]=((612,457),(800,491),0,0)
segmento[75]=((612,495),(703,495),0,0)
segmento[76]=((703,495),(748,503),0,0)
segmento[77]=((800,491),(800,529),0,0)
segmento[78]=((748,521),(619,535),0,0)
segmento[79]=((800,529),(643,549),0,0)
segmento[80]=((619,535),(619,572),0,0)
segmento[81]=((748,503),(748,521),0,0)
segmento[82]=((643,549),(643,556),0,0)
segmento[83]=((619,572),(661,572),0,0)
segmento[84]=((661,572),(661,591),0,0)
segmento[85]=((643,556),(815,556),0,0)
segmento[86]=((685,577),(685,591),0,0)
segmento[87]=((685,577),(744,577),0,0)
segmento[88]=((744,577),(756,572),0,0)
segmento[89]=((756,572),(756,591),0,0)
segmento[90]=((779,578),(779,591),0,0)
segmento[91]=((779,578),(815,578),0,0)
segmento[92]=((815,578),(815,643),0,0)
segmento[93]=((815,643),(829,657),0,0)
segmento[94]=((829,657),(840,645),0,0)
segmento[95]=((840,621),(840,645),0,0)
segmento[96]=((840,518),(840,603),0,0)
segmento[97]=((840,518),(866,518),0,0)
segmento[98]=((866,518),(866,538),0,0)
segmento[99]=((815,459),(815,556),0,0)
segmento[100]=((815,459),(909,456),0,0)
segmento[101]=((840,603),(893,618),0,0)
segmento[102]=((840,621),(893,634),0,0)
# Goal
segmento[103]=((893,618),(893,634),1,1)
segmento[104]=((909,410),(909,456),0,0)
segmento[105]=((883,380),(909,410),0,0)
segmento[106]=((959,457),(924,501),0,0)
segmento[107]=((959,457),(960,502),0,0)
segmento[108]=((924,501),(960,502),0,0)
segmento[109]=((978,431),(994,538),0,0)
segmento[110]=((819,273),(978,431),0,0)
segmento[111]=((631,273),(819,273),0,0)
segmento[112]=((523,273),(597,273),0,0)
segmento[113]=((523,273),(523,381),0,0)
segmento[114]=((698,207),(631,273),0,0)
segmento[115]=((666,205),(597,273),0,0)
segmento[116]=((606,144),(666,205),0,0)

# Lava - Muerte
segmento[117]=((-5000,800),(5000,800),2,1)
segmento[118]=((29,592),(568,592),2,1)
segmento[119]=((620,592),(800,592),2,1)
segmento[120]=((846,539),(994,592),2,1)
segmento[121]=((523,382),(882,382),2,1)

segmento[122]=((500,125),(470,147),0,0)
segmento[123]=((500,125),(531,147),0,0)

# Flippers sala superior
segmento[124]=((440,192),(463,192),3,0)
segmento[125]=((380,131),(398,150),3,0)
segmento[126]=((398,150),(419,170),3,0)
segmento[127]=((419,170),(440,192),3,0)
segmento[128]=((559,192),(582,168),4,0)
segmento[129]=((582,168),(605,144),4,0)
segmento[130]=((530,192),(559,192),4,0)
segmento[131]=((470,147),(456,164),4,0)
segmento[132]=((531,147),(542,168),3,0)

# Flippers pasillos
segmento[133]=((445,458),(437,462),4,0)
segmento[134]=((419,406),(429,410),3,0)
segmento[135]=((445,344),(437,348),4,0)

segmento[136]=((241,426),(249,430),3,0)
segmento[137]=((266,378),(258,383),4,0)
segmento[138]=((241,335),(249,338),3,0)

segmento[139]=((201,426),(214,431),3,0)
segmento[140]=((228,356),(216,362),4,0)

segmento[141]=((574,588),(587,594),3,0)
segmento[142]=((612,543),(602,547),4,0)
segmento[143]=((575,498),(588,503),3,0)
segmento[144]=((612,618),(602,623),4,0)

segmento[145]=((661,572),(672,577),3,0)
segmento[146]=((756,572),(768,576),3,0)

# Flippers fosos lava
segmento[147]=((579,280),(619,321),3,0)
segmento[148]=((641,305),(675,340),3,0)
segmento[149]=((696,316),(729,349),3,0)
segmento[150]=((751,332),(782,361),3,0)
segmento[151]=((802,342),(829,373),3,0)
segmento[152]=((849,354),(867,370),3,0)
segmento[153]=((924,501),(907,518),4,0)

# OVNI Derecha
segmento[154]=((284,131),(317,129),0,1)
segmento[155]=((284,131),(272,125),0,1)
segmento[156]=((272,125),(253,127),0,1)
segmento[157]=((253,127),(234,135),0,1)
segmento[158]=((234,135),(231,146),0,1)
segmento[159]=((231,146),(198,163),0,1)
segmento[160]=((198,163),(237,159),0,1)
segmento[161]=((237,159),(275,155),0,1)
segmento[162]=((275,155),(285,145),0,1)
segmento[163]=((285,145),(284,131),0,1)

# OVNVI Izquieda
segmento[164]=((140,145),(122,133),0,1)
segmento[165]=((122,133),(97,133),0,1)
segmento[166]=((97,133),(89,138),0,1)
segmento[167]=((89,138),(57,137),0,1)
segmento[168]=((57,137),(49,139),0,1)
segmento[169]=((49,139),(43,143),0,1)
segmento[170]=((43,143),(45,153),0,1)
segmento[171]=((45,153),(110,188),0,1)
segmento[172]=((110,188),(174,189),0,1)
segmento[173]=((174,189),(181,186),0,1)
segmento[174]=((181,186),(181,179),0,1)
segmento[175]=((181,179),(176,165),0,1)
segmento[176]=((176,165),(145,155),0,1)
segmento[177]=((145,155),(140,145),0,1)

# Angulo pinball flippers
angulo_flippers=30




# Bumpers
num_bumpers=28
bumper[0]=((440,69),5,100)
bumper[1]=((488,68),5,100)
bumper[2]=((509,69),5,100)
bumper[3]=((560,68),5,100)
bumper[4]=((447,96),5,100)
bumper[5]=((500,91),5,100)
bumper[6]=((557,96),5,100)
bumper[7]=((419,114),5,100)
bumper[8]=((473,110),5,100)
bumper[9]=((530,109),5,100)
bumper[10]=((581,116),5,100)
bumper[11]=((450,126),5,100)
#  bumper[12]=((501,125),5,100)
bumper[13]=((556,129),5,100)
bumper[14]=((420,144),5,100)
#  bumper[15]=((470,147),5,100)
#  bumper[16]=((531,147),5,100)
bumper[17]=((581,147),5,100)
bumper[18]=((605,145),5,100)
#  bumper[19]=((442,167),5,100)
bumper[20]=((469,178),5,100)
bumper[21]=((528,178),5,100)
#  bumper[22]=((557,169),5,100)
bumper[23]=((441,194),5,100)
bumper[24]=((500,194),5,100)
bumper[25]=((558,194),5,100)
bumper[26]=((501,165),5,100)


bumper[12]=((430,493),5,300)
bumper[15]=((253,459),5,300)
bumper[16]=((594,649),5,300)
bumper[19]=((829,655),5,300)
bumper[22]=((771,513),5,300)

bumper[27]=((406,432),5,300)


tiempo_cuenta_atras=200

