# Mapa de prueba
#################################################
# Nombre del mapa
nombre=SUPERPINBALL

# Descripcion
descripcion=Escapa de este pinball, si puedes...

# Giro mapa respecto a punto fijo
modo_giro_mapa=4

# Posicion del punto de giro del mapa
punto_giro=(0,0)

# Angulo maximo (en grados)
angulo_max=720

# Posicion inicial de la moneda
pos_inicial_moneda=(653,759)

# Ruta imagen de la moneda
imagen_moneda=images/metal_ball_1.png


# Ruta imagen del fondo
imagen_fondo=images/fondo_blanco.png

# Fondo giratorio
fondo_giratorio=1
imagen_fnd_giratorio=images/super_pinball.png
pos_fnd_giratorio=((0,0),(1000,779))
centro_giro_fnd_gir=(0,0)


# Ruta de la musica
ruta_musica=music/AncientPassageMysteriousSpookyGameMusicbyHeatleyBros.mp3


# Gravedad
gravedad=800

#Numero de segmentos
num_segmentos=214

# Segmentos
# Si cae la bola, se pierde
segmento[0]=((-10000,900),(10000,900),2,1)

# Mesa
segmento[1]=((595,705),(507,777),0,1)

segmento[2]=((594,604),(594,704),0,1)
segmento[3]=((564,577),(594,604),0,1)
segmento[4]=((564,577),(534,601),4,1)
segmento[5]=((564,577),(587,558),0,1)
segmento[6]=((560,613),(560,692),0,1)
segmento[7]=((560,692),(516,725),0,1)
# Flipper R
segmento[8]=((516,725),(482,755),4,0)
segmento[9]=((389,610),(389,690),0,1)
segmento[10]=((389,690),(422,722),0,1)
# Flipper L
segmento[11]=((422,722),(457,754),3,0)
segmento[12]=((638,774),(638,605),0,1)
segmento[13]=((587,558),(638,605),0,1)
segmento[14]=((669,595),(669,778),0,1)
segmento[15]=((669,595),(605,538),0,1)
segmento[16]=((386,578),(330,540),0,1)
segmento[17]=((408,548),(367,530),0,1)
segmento[18]=((386,578),(354,599),0,1)
segmento[19]=((354,599),(354,706),0,1)
segmento[20]=((354,706),(428,777),0,1)
segmento[21]=((408,548),(408,514),0,1)
segmento[22]=((408,514),(382,514),0,1)
segmento[23]=((382,514),(382,486),0,1)
segmento[24]=((382,486),(409,486),0,1)
segmento[25]=((409,486),(430,479),0,1)
segmento[26]=((430,479),(367,421),0,1)
segmento[27]=((367,421),(368,318),0,1)
segmento[28]=((605,538),(641,504),0,1)
segmento[29]=((713,480),(587,480),0,1)
segmento[30]=((587,480),(565,467),0,1)
segmento[31]=((565,467),(602,423),0,1)
segmento[32]=((602,423),(602,318),0,1)
segmento[33]=((576,329),(576,406),0,1)
segmento[34]=((576,406),(545,440),0,1)
segmento[35]=((392,326),(392,411),0,1)
segmento[36]=((425,443),(392,411),0,1)
segmento[37]=((425,443),(463,472),3,0)
segmento[38]=((545,440),(510,471),4,0)
segmento[39]=((535,655),(534,677),0,1)
segmento[40]=((535,655),(520,690),0,1)
segmento[41]=((534,677),(520,690),0,1)
segmento[42]=((410,654),(424,691),0,1)
segmento[43]=((410,654),(410,676),0,1)
segmento[44]=((410,676),(424,691),0,1)
segmento[45]=((368,318),(333,282),0,1)
segmento[46]=((333,282),(333,153),0,1)
segmento[47]=((333,153),(372,124),0,1)
segmento[48]=((372,124),(372,97),0,1)
segmento[49]=((372,97),(359,76),0,1)
segmento[50]=((359,76),(381,61),0,1)
segmento[51]=((381,61),(402,79),0,1)
segmento[52]=((402,79),(444,75),0,1)
segmento[53]=((444,75),(460,57),0,1)
segmento[54]=((460,57),(323,57),0,1)
segmento[55]=((323,57),(292,88),0,1)
segmento[56]=((292,88),(292,350),0,1)
segmento[57]=((292,350),(260,382),0,1)
segmento[58]=((260,382),(305,382),0,1)
segmento[59]=((305,382),(366,449),0,1)
segmento[60]=((366,449),(367,530),0,1)
segmento[61]=((405,284),(361,267),0,1)
segmento[62]=((361,267),(361,164),0,1)
segmento[63]=((361,164),(390,199),0,1)
segmento[64]=((390,199),(390,265),0,1)
segmento[65]=((390,265),(405,284),0,1)
segmento[66]=((390,199),(414,222),3,0)
segmento[67]=((405,284),(436,309),3,0)
segmento[68]=((561,288),(608,272),0,1)
segmento[69]=((608,272),(608,178),0,1)
segmento[70]=((608,178),(578,205),0,1)
segmento[71]=((578,205),(578,267),0,1)
segmento[72]=((578,267),(561,288),0,1)
segmento[73]=((578,205),(555,225),4,0)
segmento[74]=((561,288),(532,312),4,0)
segmento[75]=((490,175),(514,201),0,1)
segmento[76]=((514,201),(489,195),0,1)
segmento[77]=((489,195),(461,202),0,1)
segmento[78]=((461,202),(490,175),0,1)
segmento[79]=((514,201),(533,222),3,0)
segmento[80]=((461,202),(439,222),4,0)
segmento[81]=((713,480),(725,464),0,1)
segmento[82]=((725,464),(725,108),0,1)
segmento[83]=((725,108),(645,108),0,1)
segmento[84]=((645,108),(611,138),0,1)
segmento[85]=((611,138),(636,161),0,1)
segmento[86]=((636,161),(636,274),0,1)
segmento[87]=((636,274),(602,318),0,1)
segmento[88]=((641,504),(728,504),0,1)
segmento[89]=((728,504),(757,474),0,1)
segmento[90]=((757,474),(757,118),0,1)
segmento[91]=((757,118),(792,106),0,1)
segmento[92]=((792,106),(871,106),0,1)
segmento[93]=((871,106),(865,124),0,1)
segmento[94]=((865,124),(817,161),0,1)
segmento[95]=((817,161),(780,310),0,1)
segmento[96]=((780,310),(831,432),0,1)
segmento[97]=((863,475),(863,508),0,1)
segmento[98]=((863,508),(778,521),0,1)
segmento[99]=((778,521),(719,587),0,1)
segmento[100]=((719,587),(719,708),0,1)
segmento[101]=((719,708),(700,725),0,1)
segmento[102]=((700,725),(700,761),0,1)
segmento[103]=((700,761),(782,761),1,1)
segmento[104]=((831,432),(863,475),0,1)
segmento[105]=((725,78),(705,52),0,1)
segmento[106]=((705,52),(529,52),0,1)
segmento[107]=((529,52),(544,74),0,1)
segmento[108]=((544,74),(725,78),0,1)
segmento[109]=((758,72),(758,44),0,1)
segmento[110]=((758,44),(711,16),0,1)
segmento[111]=((711,16),(232,15),0,1)
segmento[112]=((232,15),(185,61),0,1)
segmento[113]=((185,61),(185,298),0,1)
segmento[114]=((758,72),(776,82),0,1)
segmento[115]=((776,82),(888,81),0,1)
segmento[116]=((888,81),(901,125),0,1)
segmento[117]=((901,125),(957,165),0,1)
segmento[118]=((957,165),(983,300),0,1)
segmento[119]=((983,300),(936,428),0,1)
segmento[120]=((936,428),(901,473),0,1)
segmento[121]=((901,473),(901,509),0,1)
segmento[122]=((901,509),(962,560),0,1)
segmento[123]=((962,560),(993,560),0,1)
segmento[124]=((993,560),(993,586),0,1)
segmento[125]=((993,586),(963,586),0,1)
segmento[126]=((944,611),(944,706),0,1)
segmento[127]=((944,706),(886,756),0,1)
segmento[128]=((886,756),(886,779),0,1)
segmento[129]=((853,779),(853,756),0,1)
segmento[130]=((853,756),(801,704),0,1)
segmento[131]=((801,704),(800,609),0,1)
segmento[132]=((800,609),(781,587),0,1)
segmento[133]=((781,587),(760,608),0,1)
segmento[134]=((760,608),(760,710),0,1)
segmento[135]=((760,710),(783,726),0,1)
segmento[136]=((783,726),(783,758),0,1)
segmento[137]=((963,586),(944,611),0,1)
segmento[138]=((831,432),(863,475),3,0)
segmento[139]=((936,428),(901,473),4,0)
segmento[140]=((800,609),(827,642),3,0)
segmento[141]=((944,611),(914,637),4,0)
segmento[142]=((830,730),(853,756),3,0)
segmento[143]=((915,730),(886,756),4,0)
segmento[144]=((330,540),(330,453),0,1)
segmento[145]=((330,453),(292,414),0,1)
segmento[146]=((292,414),(148,414),0,1)
segmento[147]=((148,414),(148,431),0,1)
segmento[148]=((148,431),(229,431),0,1)
segmento[149]=((229,431),(312,452),0,1)
segmento[150]=((312,452),(309,482),0,1)
segmento[151]=((309,482),(276,476),0,1)
segmento[152]=((276,476),(276,549),0,1)
segmento[153]=((276,549),(232,572),0,1)
segmento[154]=((232,572),(282,601),0,1)
segmento[155]=((282,601),(281,712),0,1)
segmento[156]=((281,712),(214,779),0,1)
segmento[157]=((185,298),(69,298),0,1)
segmento[158]=((69,298),(44,330),0,1)
segmento[159]=((44,330),(44,548),0,1)
segmento[160]=((44,548),(96,575),0,1)
segmento[161]=((96,575),(48,600),0,1)
segmento[162]=((48,600),(48,719),0,1)
segmento[163]=((48,719),(110,779),0,1)
segmento[164]=((234,383),(127,383),0,1)
segmento[165]=((127,383),(109,398),0,1)
segmento[166]=((109,398),(109,432),0,1)
segmento[167]=((109,432),(100,438),0,1)
segmento[168]=((100,438),(73,413),0,1)
segmento[169]=((73,413),(73,344),0,1)
segmento[170]=((73,344),(88,324),0,1)
segmento[171]=((88,324),(187,322),0,1)
segmento[172]=((187,322),(187,350),0,1)
segmento[173]=((187,350),(234,383),0,1)
segmento[174]=((239,603),(239,697),0,1)
segmento[175]=((239,697),(196,736),0,1)
segmento[176]=((75,608),(75,704),0,1)
segmento[177]=((75,704),(120,737),0,1)
segmento[178]=((196,736),(169,766),4,0)
segmento[179]=((120,737),(148,766),3,0)
segmento[180]=((218,666),(202,705),0,1)
segmento[181]=((218,666),(218,690),0,1)
segmento[182]=((218,690),(202,705),0,1)
segmento[183]=((95,670),(114,707),0,1)
segmento[184]=((95,670),(95,692),0,1)
segmento[185]=((114,707),(95,692),0,1)
segmento[186]=((232,572),(203,586),4,0)
segmento[187]=((96,575),(122,587),3,0)
segmento[188]=((168,480),(174,510),0,1)
segmento[189]=((174,510),(160,510),0,1)
segmento[190]=((168,480),(160,510),0,1)
segmento[191]=((273,509),(238,523),4,0)
segmento[192]=((174,506),(209,520),3,0)
segmento[193]=((160,507),(125,520),4,0)
segmento[194]=((44,503),(79,518),3,0)
segmento[195]=((187,322),(228,346),3,0)
segmento[196]=((290,319),(252,347),4,0)
segmento[197]=((185,256),(218,284),3,0)
segmento[198]=((290,204),(258,230),4,0)
segmento[199]=((185,158),(216,189),3,0)
segmento[200]=((292,88),(256,132),4,0)
segmento[201]=((185,87),(216,120),3,0)
segmento[202]=((551,376),(538,416),0,1)
segmento[203]=((551,376),(551,402),0,1)
segmento[204]=((551,402),(538,416),0,1)
segmento[205]=((414,374),(426,413),0,1)
segmento[206]=((414,374),(414,400),0,1)
segmento[207]=((426,413),(414,400),0,1)
segmento[208]=((925,667),(925,689),0,1)
segmento[209]=((925,667),(912,704),0,1)
segmento[210]=((925,689),(912,704),0,1)
segmento[211]=((817,667),(830,702),0,1)
segmento[212]=((817,667),(817,687),0,1)
segmento[213]=((817,687),(830,702),0,1)
#segmento[]=((,),(,),0,0)
#segmento[]=((,),(,),0,0)

# Bumpers
num_bumpers=42
bumper[0]=((501,348),10,1000)
bumper[1]=((183,642),10,500)
bumper[2]=((138,642),10,500)
bumper[3]=((159,605),10,500)
bumper[4]=((497,596),10,1000)
bumper[5]=((448,596),10,1000)
bumper[6]=((475,556),10,1000)
bumper[7]=((510,527),10,1000)
bumper[8]=((445,528),10,1000)
bumper[9]=((455,348),10,1000)
bumper[10]=((487,203),10,500)
bumper[11]=((399,152),3,500)
bumper[12]=((444,153),3,500)
bumper[13]=((424,111),3,500)
bumper[14]=((523,153),3,500)
bumper[15]=((568,155),3,500)
bumper[16]=((550,106),3,500)
#bumper[17]=((883,153),10,500)
bumper[17]=((2000,2000),10,500)
bumper[18]=((852,188),10,100)
bumper[19]=((915,186),10,100)
bumper[20]=((806,205),10,100)
bumper[21]=((966,204),10,100)
bumper[22]=((831,232),10,100)
bumper[23]=((884,228),10,100)
bumper[24]=((934,229),10,100)
bumper[25]=((792,265),10,100)
bumper[26]=((859,264),10,100)
bumper[27]=((911,265),10,100)
bumper[28]=((975,260),10,100)
bumper[29]=((826,295),10,100)
bumper[30]=((886,296),10,100)
bumper[31]=((942,295),10,100)
#bumper[32]=((791,314),10,500)
bumper[32]=((2000,2000),10,500)
bumper[33]=((854,333),10,100)
bumper[34]=((910,335),10,100)
#bumper[35]=((962,339),10,500)
bumper[35]=((2000,2000),10,500)
#bumper[36]=((811,384),10,500)
bumper[36]=((2000,2000),10,500)
bumper[37]=((880,380),10,100)
#bumper[38]=((951,384),10,500)
bumper[38]=((2000,2000),10,500)
bumper[39]=((874,553),10,500)
bumper[40]=((852,587),10,500)
bumper[41]=((898,589),10,500)
# bumper[]=((,),10,500)
# bumper[]=((,),10,500)
# bumper[]=((,),10,500)
# bumper[]=((,),10,500)
# bumper[]=((,),10,500)
# bumper[]=((,),10,500)
# bumper[]=((,),10,500)
# bumper[]=((,),10,500)
# bumper[]=((,),10,500)
# bumper[]=((,),10,500)
# bumper[]=((,),10,500)
# bumper[]=((,),10,500)
# bumper[]=((,),10,500)
# bumper[]=((,),10,500)
# bumper[]=((,),10,500)
# bumper[]=((,),10,500)
# bumper[]=((,),10,500)
# bumper[]=((,),10,500)
# bumper[]=((,),10,500)
# bumper[]=((,),10,500)
# bumper[]=((,),10,500)
# bumper[]=((,),10,500)
# bumper[]=((,),10,500)
# bumper[]=((,),10,500)
# bumper[]=((,),10,500)
# bumper[]=((,),10,500)
# bumper[]=((,),10,500)
# bumper[]=((,),10,500)
# bumper[]=((,),10,500)
# bumper[]=((,),10,500)
# bumper[]=((,),10,500)
# bumper[]=((,),10,500)
# bumper[]=((,),10,500)
# bumper[]=((,),10,500)
# bumper[]=((,),10,500)
# bumper[]=((,),10,500)
# bumper[]=((,),10,500)
# bumper[]=((,),10,500)
# bumper[]=((,),10,500)

# Zonas de aceleración
num_zonas_acel_circ=45
zona_acel_circ[0]=((653,758),15,0,9000)
zona_acel_circ[1]=((653,715),15,0,9000)
zona_acel_circ[2]=((653,663),15,0,9000)
zona_acel_circ[3]=((653,607),15,315,9000)
zona_acel_circ[4]=((612,566),15,315,9000)
zona_acel_circ[5]=((395,499),15,90,9000)
zona_acel_circ[6]=((370,296),15,315,9000)
zona_acel_circ[7]=((348,245),15,0,9000)
zona_acel_circ[8]=((348,196),15,0,9000)
zona_acel_circ[9]=((355,157),15,45,9000)
zona_acel_circ[10]=((599,292),15,45,9000)
zona_acel_circ[11]=((622,248),15,0,9000)
zona_acel_circ[12]=((622,196),15,0,9000)
zona_acel_circ[13]=((611,163),15,315,9000)
zona_acel_circ[14]=((611,503),15,45,9000)
zona_acel_circ[15]=((679,491),15,90,9000)
zona_acel_circ[16]=((735,479),15,45,9000)
zona_acel_circ[17]=((741,439),15,0,9000)
zona_acel_circ[18]=((741,374),15,0,9000)
zona_acel_circ[19]=((741,308),15,0,9000)
zona_acel_circ[20]=((741,245),15,0,9000)
zona_acel_circ[21]=((741,175),15,0,9000)
zona_acel_circ[22]=((379,79),15,135,9000)
zona_acel_circ[23]=((741,131),15,0,9000)
zona_acel_circ[24]=((722,41),15,315,9000)
zona_acel_circ[25]=((669,37),15,270,9000)
zona_acel_circ[26]=((588,37),15,270,9000)
zona_acel_circ[27]=((625,94),15,45,9000)
zona_acel_circ[28]=((685,96),15,90,9000)
zona_acel_circ[29]=((799,96),15,90,9000)
zona_acel_circ[30]=((304,44),15,45,9000)
zona_acel_circ[31]=((398,41),15,90,9000)
zona_acel_circ[32]=((490,37),30,180,9000)
zona_acel_circ[33]=((978,573),15,270,9000)

zona_acel_circ[34]=((391,560),15,315,9000)
zona_acel_circ[35]=((347,511),15,0,9000)
zona_acel_circ[36]=((347,450),15,315,9000)
zona_acel_circ[37]=((289,399),15,270,9000)
zona_acel_circ[38]=((171,399),15,270,9000)
zona_acel_circ[39]=((130,417),15,180,9000)
zona_acel_circ[40]=((295,464),15,270,9000)

zona_acel_circ[41]=((63,440),15,315,9000)
zona_acel_circ[42]=((58,372),15,0,9000)
zona_acel_circ[43]=((68,324),15,45,9000)
zona_acel_circ[44]=((138,310),15,90,9000)


# Escala
escala=3.5

# Angulo pinball flippers
angulo_flippers=50

# La moneda no gira
no_rot_moneda

